-347
-189
540
-96
-488
186
52
428
-16
-356
91
205
-186
-178
34
9
264
-345
25
64
230
88
-129
-9
138
-342
-216
360
130
-439
82
303
8
-17
31
13
-17
-342
263
-57
-130
78
-16
123
-283
586
-364
298
-159
-315
57
135
288
-259
-330
44
-46
369
208
134
-13
-438
123
-368
-120
168
302
-305
314
399
-64
-202
-419
-48
164
-26
151
-39
17
-90
227
-42
-49
-125
221
-153
-87
253
-452
226
123
2
-383
570
-179
166
-4
-313
-42
-224
134
86
293
84
167
-249
-216
-209
-181
290
277
93
-272
213
-116
-144
397
-332
169
-442
-15
139
171
122
65
331
-480
89
-177
-431
414
16
-181
502
-129
-20
-245
208
278
-129
-263
-569
404
119
260
-56
7
62
-245
26
18
-20
44
-40
54
-4
-9
80
-349
304
-303
261
289
-33
9
-244
57
-584
-61
374
456
226
-324
-172
129
-341
206
-58
-73
296
-157
-9
-104
226
16
-198
-217
398
-30
60
83
-292
91
-8
-229
14
-9
150
313
-183
292
-355
225
-130
-503
169
231
-84
34
-170
301
377
-309
-50
-116
131
-162
-103
-119
141
-70
158
232
183
-390
21
428
-265
-280
-167
-166
126
296
255
32
-180
60
-37
102
-222
-169
155
77
-468
7
471
47
82
341
-96
-373
-319
-133
277
-79
43
180
184
-119
-60
114
-40
227
-306
-255
44
-269
-37
610
268
282
-425
-234
-284
-96
290
-160
294
204
-145
-378
546
-269
183
75
-592
-34
44
65
629
155
-433
-222
253
-159
-203
142
-335
220
507
183
-609
290
-19
-226
-268
230
79
-53
296
87
-353
-351
411
-69
269
29
-21
-253
-116
50
-63
-106
103
423
-139
332
-199
-519
113
86
22
124
8
-250
7
33
308
-83
67
7
-97
55
-241
-68
-293
403
76
112
101
-121
237
-251
-187
-148
218
-10
12
-23
-66
-2
130
326
92
-167
-530
-159
432
-76
-3
163
-26
105
-171
-164
156
330
-296
142
-262
-234
170
271
-138
31
357
-277
-165
-110
328
-56
-265
273
-63
-129
-8
35
434
-169
-346
55
38
72
127
-100
67
-397
121
450
-241
-87
309
-205
-175
-19
114
-35
2
163
-147
194
-26
174
-294
-190
-49
-192
317
352
-26
240
-252
-280
-148
-34
68
208
32
-92
316
-162
-46
-156
147
-305
281
220
-317
122
-275
77
168
195
-108
-206
-54
305
70
-225
-115
14
-47
-45
316
-64
124
-117
-41
102
-188
-241
265
215
-237
87
8
-8
-62
-299
514
178
-309
-66
-158
34
75
79
33
-63
171
82
-436
66
44
100
109
-49
-94
43
89
58
-370
-220
271
231
91
283
-264
-238
-159
-28
214
-19
20
-245
496
-115
46
-48
-87
-4
-162
18
-130
128
178
161
-4
-2
-221
-295
273
-24
193
-333
61
399
-97
20
-376
189
-12
-79
-172
39
414
234
-406
51
138
-115
-337
-199
105
225
395
36
-216
183
-35
-319
-170
-262
568
-201
96
229
-390
468
64
-143
-118
-430
473
-88
-523
198
259
290
-77
141
67
-264
-319
-179
120
118
149
-19
284
-96
-77
154
-288
-438
273
452
-321
83
207
-156
-307
207
226
-337
160
113
-143
-166
248
119
-359
201
115
-117
33
-193
-158
288
-93
173
470
-302
-376
153
-573
360
212
60
276
-250
-194
-81
276
47
-153
-201
255
-130
150
-98
2
-104
75
149
146
-15
-196
-215
33
-193
197
299
188
20
-517
-11
155
-32
-372
480
145
244
-351
-210
-220
105
115
230
13
-271
544
-387
11
13
-170
-31
-201
260
269
189
-166
-337
73
65
95
-182
-7
-46
78
147
217
-46
-420
-121
141
138
40
260
-258
142
16
-592
125
83
145
292
167
-202
-311
-149
110
266
-116
-88
-77
19
457
-55
-210
-60
-383
241
342
-78
-82
-147
213
-119
36
20
-181
8
142
292
-142
-259
-170
514
-445
209
-100
262
72
-446
230
-190
393
-146
-301
127
185
-214
369
-187
-87
25
121
-293
-153
348
0
270
-51
-66
-545
131
373
-217
43
17
327
-310
41
-41
-74
-26
45
103
-221
253
103
335
-477
-385
66
35
35
459
49
8
-156
-186
-158
224
-118
-162
106
-21
354
-93
288
26
-412
-94
-161
-269
582
-158
123
293
-289
127
307
-367
-486
-31
171
485
191
-327
-418
98
363
97
24
-338
-97
98
74
70
-75
13
24
88
-258
53
93
-92
272
64
-117
-100
-27
-121
-559
551
278
239
49
-422
-263
284
-104
79
-27
-255
445
-207
15
-8
44
100
84
-117
-126
-172
222
-193
424
-357
-8
248
-166
246
-283
211
-174
187
-159
-290
329
307
-497
-87
265
-122
206
174
113
-250
-432
43
301
-105
-140
75
225
9
156
140
-402
-161
-321
396
327
-122
-103
-219
131
112
-24
16
29
321
-222
-425
144
27
-85
-88
205
264
202
-253
-133
-4
71
-153
-328
175
265
-85
171
60
-86
29
-202
-2
308
-363
-23
-174
322
142
-149
251
-223
186
-405
69
87
238
-220
96
-105
-68
-158
135
443
-157
-86
-6
-115
-95
139
59
57
-351
81
165
88
-111
215
-168
102
-263
104
315
-284
-485
263
212
-128
338
150
-186
9
-27
-347
-167
175
145
-338
541
-24
324
-135
-268
-494
287
189
-92
301
-387
-24
-144
271
298
32
-77
-220
74
-106
-257
51
-112
610
-135
-104
124
-138
138
63
