-347
-189
540
-96
-488
186
52
428
-16
-356
91
205
-186
-178
34
9
264
-345
25
64
230
88
-129
-9
138
-342
-216
360
130
-439
82
303
8
-17
31
13
-17
-342
263
-57
-130
78
-16
123
-283
586
-364
298
-159
-315
57
135
288
-259
-330
44
-46
369
208
134
-13
-438
123
-368
-120
168
302
-305
314
399
-64
-202
-419
-48
164
-26
151
-39
17
-90
227
-42
-49
-125
221
-153
-87
253
-452
226
123
2
-383
570
-179
166
-4
-313
-42
-224
134
86
293
84
167
-249
-216
-209
-181
290
277
93
-272
213
-116
-144
397
-332
169
-442
-15
139
171
122
65
331
-480
89
-177
-431
414
16
-181
502
-129
-20
-245
208
278
-129
-263
-569
404
119
260
-56
7
62
-245
26
18
-20
44
-40
54
-4
-9
80
-349
304
-303
261
289
-33
9
-244
57
-584
-61
374
456
226
-324
-172
129
-341
206
-58
-73
296
-157
-9
-104
226
16
-198
-217
398
-30
60
83
-292
91
-8
-229
14
-9
150
313
-183
292
-355
225
-130
-503
169
231
-84
34
-170
301
377
-309
-50
-116
131
-162
-103
-119
141
-70
158
232
183
-390
21
428
-265
-280
-167
-166
126
296
255
32
-180
60
-37
102
-222
-169
155
77
-468
7
471
47
82
341
-96
-373
-319
-133
277
-79
43
180
184
-119
-60
114
-40
227
-306
-255
44
-269
-37
610
268
282
-425
-234
-284
-96
290
-160
294
204
-145
-378
546
-269
183
75
-592
-34
44
65
629
155
-433
-222
253
-159
-203
142
-335
220
507
183
-609
290
-19
-226
-268
230
79
-53
296
87
-353
-351
411
-69
269
29
-21
-253
-116
50
-63
-106
103
423
-139
332
-199
-519
113
86
22
124
8
-250
7
33
308
-83
67
7
-97
55
-241
-68
-293
403
76
112
101
-121
237
-251
-187
-148
218
-10
12
-23
-66
-2
130
326
92
-167
-530
-159
432
-76
-3
163
-26
105
-171
-164
156
330
-296
142
-262
-234
170
271
-138
31
357
-277
-165
-110
328
-56
-265
273
-63
-129
-8
35
434
-169
-346
55
38
72
127
-100
67
-397
121
450
-241
-87
309
-205
-175
-19
114
-35
2
163
-147
194
-26
174
-294
-190
-49
-192
317
352
-26
240
-252
-280
-148
-34
68
208
32
-92
316
-162
-46
-156
147
-305
281
220
-317
122
-275
77
168
195
-108
-206
-54
305
70
-225
-115
14
-47
-45
316
-64
124
-117
-41
102
-188
-241
265
215
-237
87
8
-8
-62
-299
514
178
-309
-66
-158
34
75
79
33
-63
171
82
-436
66
44
100
109
-49
-94
43
89
58
-370
-220
271
231
91
283
-264
-238
-159
-28
214
-19
20
-245
496
-115
46
-48
-87
-4
-162
18
-130
128
178
161
-4
-2
-221
-295
273
-24
193
-333
61
399
-97
20
-376
189
-12
-79
-172
39
414
234
-406
51
138
-115
-337
-199
105
225
395
36
-216
183
-35
-319
-170
-262
568
-201
96
229
-390
468
64
-143
-118
-430
473
-88
-523
198
259
290
-77
141
67
-264
-319
-179
120
118
149
-19
284
-96
-77
154
-288
-438
273
452
-321
83
207
-156
-307
207
226
-337
160
113
-143
-166
248
119
-359
201
115
-117
33
-193
-158
288
-93
173
470
-302
-376
153
-573
360
212
60
276
-250
-194
-81
276
47
-153
-201
255
-130
150
-98
2
-104
75
149
146
-15
-196
-215
33
-193
197
299
188
20
-517
-11
155
-32
-372
480
145
244
-351
-210
-220
105
115
230
13
-271
544
-387
11
13
-170
-31
-201
260
269
189
-166
-337
73
65
95
-182
-7
-46
78
147
217
-46
-420
-121
141
138
40
260
-258
142
16
-592
125
83
145
292
167
-202
-311
-149
110
266
-116
-88
-77
19
457
-55
-210
-60
-383
241
342
-78
-82
-147
213
-119
36
20
-181
8
142
292
-142
-259
-170
514
-445
209
-100
262
72
-446
230
-190
393
-146
-301
127
185
-214
369
-187
-87
25
121
-293
-153
348
0
270
-51
-66
-545
131
373
-217
43
17
327
-310
41
-41
-74
-26
45
103
-221
253
103
335
-477
-385
66
35
35
459
49
8
-156
-186
-158
224
-118
-162
106
-21
354
-93
288
26
-412
-94
-161
-269
582
-158
123
293
-289
127
307
-367
-486
-31
171
485
191
-327
-418
98
363
97
24
-338
-97
98
74
70
-75
13
24
88
-258
53
93
-92
272
64
-117
-100
-27
-121
-559
551
278
239
49
-422
-263
284
-104
79
-27
-255
445
-207
15
-8
44
100
84
-117
-126
-172
222
-193
424
-357
-8
248
-166
246
-283
211
-174
187
-159
-290
329
307
-497
-87
265
-122
206
174
113
-250
-432
43
301
-105
-140
75
225
9
156
140
-402
-161
-321
396
327
-122
-103
-219
131
112
-24
16
29
321
-222
-425
144
27
-85
-88
205
264
202
-253
-133
-4
71
-153
-328
175
265
-85
171
60
-86
29
-202
-2
308
-363
-23
-174
322
142
-149
251
-223
186
-405
69
87
238
-220
96
-105
-68
-158
135
443
-157
-86
-6
-115
-95
139
59
57
-351
81
165
88
-111
215
-168
102
-263
104
315
-284
-485
263
212
-128
338
150
-186
9
-27
-347
-167
175
145
-338
541
-24
324
-135
-268
-494
287
189
-92
301
-387
-24
-144
271
298
32
-77
-220
74
-106
-257
51
-112
610
-135
-104
124
-138
138
63
-347
-189
540
-96
-488
186
52
428
-16
-356
91
205
-186
-178
34
9
264
-345
25
64
230
88
-129
-9
138
-342
-216
360
130
-439
82
303
8
-17
31
13
-17
-342
263
-57
-130
78
-16
123
-283
586
-364
298
-159
-315
57
135
288
-259
-330
44
-46
369
208
134
-13
-438
123
-368
-120
168
302
-305
314
399
-64
-202
-419
-48
164
-26
151
-39
17
-90
227
-42
-49
-125
221
-153
-87
253
-452
226
123
2
-383
570
-179
166
-4
-313
-42
-224
134
86
293
84
167
-249
-216
-209
-181
290
277
93
-272
213
-116
-144
397
-332
169
-442
-15
139
171
122
65
331
-480
89
-177
-431
414
16
-181
502
-129
-20
-245
208
278
-129
-263
-569
404
119
260
-56
7
62
-245
26
18
-20
44
-40
54
-4
-9
80
-349
304
-303
261
289
-33
9
-244
57
-584
-61
374
456
226
-324
-172
129
-341
206
-58
-73
296
-157
-9
-104
226
16
-198
-217
398
-30
60
83
-292
91
-8
-229
14
-9
150
313
-183
292
-355
225
-130
-503
169
231
-84
34
-170
301
377
-309
-50
-116
131
-162
-103
-119
141
-70
158
232
183
-390
21
428
-265
-280
-167
-166
126
296
255
32
-180
60
-37
102
-222
-169
155
77
-468
7
471
47
82
341
-96
-373
-319
-133
277
-79
43
180
184
-119
-60
114
-40
227
-306
-255
44
-269
-37
610
268
282
-425
-234
-284
-96
290
-160
294
204
-145
-378
546
-269
183
75
-592
-34
44
65
629
155
-433
-222
253
-159
-203
142
-335
220
507
183
-609
290
-19
-226
-268
230
79
-53
296
87
-353
-351
411
-69
269
29
-21
-253
-116
50
-63
-106
103
423
-139
332
-199
-519
113
86
22
124
8
-250
7
33
308
-83
67
7
-97
55
-241
-68
-293
403
76
112
101
-121
237
-251
-187
-148
218
-10
12
-23
-66
-2
130
326
92
-167
-530
-159
432
-76
-3
163
-26
105
-171
-164
156
330
-296
142
-262
-234
170
271
-138
31
357
-277
-165
-110
328
-56
-265
273
-63
-129
-8
35
434
-169
-346
55
38
72
127
-100
67
-397
121
450
-241
-87
309
-205
-175
-19
114
-35
2
163
-147
194
-26
174
-294
-190
-49
-192
317
352
-26
240
-252
-280
-148
-34
68
208
32
-92
316
-162
-46
-156
147
-305
281
220
-317
122
-275
77
168
195
-108
-206
-54
305
70
-225
-115
14
-47
-45
316
-64
124
-117
-41
102
-188
-241
265
215
-237
87
8
-8
-62
-299
514
178
-309
-66
-158
34
75
79
33
-63
171
82
-436
66
44
100
109
-49
-94
43
89
58
-370
-220
271
231
91
283
-264
-238
-159
-28
214
-19
20
-245
496
-115
46
-48
-87
-4
-162
18
-130
128
178
161
-4
-2
-221
-295
273
-24
193
-333
61
399
-97
20
-376
189
-12
-79
-172
39
414
234
-406
51
138
-115
-337
-199
105
225
395
36
-216
183
-35
-319
-170
-262
568
-201
96
229
-390
468
64
-143
-118
-430
473
-88
-523
198
259
290
-77
141
67
-264
-319
-179
120
118
149
-19
284
-96
-77
154
-288
-438
273
452
-321
83
207
-156
-307
207
226
-337
160
113
-143
-166
248
119
-359
201
115
-117
33
-193
-158
288
-93
173
470
-302
-376
153
-573
360
212
60
276
-250
-194
-81
276
47
-153
-201
255
-130
150
-98
2
-104
75
149
146
-15
-196
-215
33
-193
197
299
188
20
-517
-11
155
-32
-372
480
145
244
-351
-210
-220
105
115
230
13
-271
544
-387
11
13
-170
-31
-201
260
269
189
-166
-337
73
65
95
-182
-7
-46
78
147
217
-46
-420
-121
141
138
40
260
-258
142
16
-592
125
83
145
292
167
-202
-311
-149
110
266
-116
-88
-77
19
457
-55
-210
-60
-383
241
342
-78
-82
-147
213
-119
36
20
-181
8
142
292
-142
-259
-170
514
-445
209
-100
262
72
-446
230
-190
393
-146
-301
127
185
-214
369
-187
-87
25
121
-293
-153
348
0
270
-51
-66
-545
131
373
-217
43
17
327
-310
41
-41
-74
-26
45
103
-221
253
103
335
-477
-385
66
35
35
459
49
8
-156
-186
-158
224
-118
-162
106
-21
354
-93
288
26
-412
-94
-161
-269
582
-158
123
293
-289
127
307
-367
-486
-31
171
485
191
-327
-418
98
363
97
24
-338
-97
98
74
70
-75
13
24
88
-258
53
93
-92
272
64
-117
-100
-27
-121
-559
551
278
239
49
-422
-263
284
-104
79
-27
-255
445
-207
15
-8
44
100
84
-117
-126
-172
222
-193
424
-357
-8
248
-166
246
-283
211
-174
187
-159
-290
329
307
-497
-87
265
-122
206
174
113
-250
-432
43
301
-105
-140
75
225
9
156
140
-402
-161
-321
396
327
-122
-103
-219
131
112
-24
16
29
321
-222
-425
144
27
-85
-88
205
264
202
-253
-133
-4
71
-153
-328
175
265
-85
171
60
-86
29
-202
-2
308
-363
-23
-174
322
142
-149
251
-223
186
-405
69
87
238
-220
96
-105
-68
-158
135
443
-157
-86
-6
-115
-95
139
59
57
-351
81
165
88
-111
215
-168
102
-263
104
315
-284
-485
263
212
-128
338
150
-186
9
-27
-347
-167
175
145
-338
541
-24
324
-135
-268
-494
287
189
-92
301
-387
-24
-144
271
298
32
-77
-220
74
-106
-257
51
-112
610
-135
-104
124
-138
138
63
-347
-189
540
-96
-488
186
52
428
-16
-356
91
205
-186
-178
34
9
264
-345
25
64
230
88
-129
-9
138
-342
-216
360
130
-439
82
303
8
-17
31
13
-17
-342
263
-57
-130
78
-16
123
-283
586
-364
298
-159
-315
57
135
288
-259
-330
44
-46
369
208
134
-13
-438
123
-368
-120
168
302
-305
314
399
-64
-202
-419
-48
164
-26
151
-39
17
-90
227
-42
-49
-125
221
-153
-87
253
-452
226
123
2
-383
570
-179
166
-4
-313
-42
-224
134
86
293
84
167
-249
-216
-209
-181
290
277
93
-272
213
-116
-144
397
-332
169
-442
-15
139
171
122
65
331
-480
89
-177
-431
414
16
-181
502
-129
-20
-245
208
278
-129
-263
-569
404
119
260
-56
7
62
-245
26
18
-20
44
-40
54
-4
-9
80
-349
304
-303
261
289
-33
9
-244
57
-584
-61
374
456
226
-324
-172
129
-341
206
-58
-73
296
-157
-9
-104
226
16
-198
-217
398
-30
60
83
-292
91
-8
-229
14
-9
150
313
-183
292
-355
225
-130
-503
169
231
-84
34
-170
301
377
-309
-50
-116
131
-162
-103
-119
141
-70
158
232
183
-390
21
428
-265
-280
-167
-166
126
296
255
32
-180
60
-37
102
-222
-169
155
77
-468
7
471
47
82
341
-96
-373
-319
-133
277
-79
43
180
184
-119
-60
114
-40
227
-306
-255
44
-269
-37
610
268
282
-425
-234
-284
-96
290
-160
294
204
-145
-378
546
-269
183
75
-592
-34
44
65
629
155
-433
-222
253
-159
-203
142
-335
220
507
183
-609
290
-19
-226
-268
230
79
-53
296
87
-353
-351
411
-69
269
29
-21
-253
-116
50
-63
-106
103
423
-139
332
-199
-519
113
86
22
124
8
-250
7
33
308
-83
67
7
-97
55
-241
-68
-293
403
76
112
101
-121
237
-251
-187
-148
218
-10
12
-23
-66
-2
130
326
92
-167
-530
-159
432
-76
-3
163
-26
105
-171
-164
156
330
-296
142
-262
-234
170
271
-138
31
357
-277
-165
-110
328
-56
-265
273
-63
-129
-8
35
434
-169
-346
55
38
72
127
-100
67
-397
121
450
-241
-87
309
-205
-175
-19
114
-35
2
163
-147
194
-26
174
-294
-190
-49
-192
317
352
-26
240
-252
-280
-148
-34
68
208
32
-92
316
-162
-46
-156
147
-305
281
220
-317
122
-275
77
168
195
-108
-206
-54
305
70
-225
-115
14
-47
-45
316
-64
124
-117
-41
102
-188
-241
265
215
-237
87
8
-8
-62
-299
514
178
-309
-66
-158
34
75
79
33
-63
171
82
-436
66
44
100
109
-49
-94
43
89
58
-370
-220
271
231
91
283
-264
-238
-159
-28
214
-19
20
-245
496
-115
46
-48
-87
-4
-162
18
-130
128
178
161
-4
-2
-221
-295
273
-24
193
-333
61
399
-97
20
-376
189
-12
-79
-172
39
414
234
-406
51
138
-115
-337
-199
105
225
395
36
-216
183
-35
-319
-170
-262
568
-201
96
229
-390
468
64
-143
-118
-430
473
-88
-523
198
259
290
-77
141
67
-264
-319
-179
120
118
149
-19
284
-96
-77
154
-288
-438
273
452
-321
83
207
-156
-307
207
226
-337
160
113
-143
-166
248
119
-359
201
115
-117
33
-193
-158
288
-93
173
470
-302
-376
153
-573
360
212
60
276
-250
-194
-81
276
47
-153
-201
255
-130
150
-98
2
-104
75
149
146
-15
-196
-215
33
-193
197
299
188
20
-517
-11
155
-32
-372
480
145
244
-351
-210
-220
105
115
230
13
-271
544
-387
11
13
-170
-31
-201
260
269
189
-166
-337
73
65
95
-182
-7
-46
78
147
217
-46
-420
-121
141
138
40
260
-258
142
16
-592
125
83
145
292
167
-202
-311
-149
110
266
-116
-88
-77
19
457
-55
-210
-60
-383
241
342
-78
-82
-147
213
-119
36
20
-181
8
142
292
-142
-259
-170
514
-445
209
-100
262
72
-446
230
-190
393
-146
-301
127
185
-214
369
-187
-87
25
121
-293
-153
348
0
270
-51
-66
-545
131
373
-217
43
17
327
-310
41
-41
-74
-26
45
103
-221
253
103
335
-477
-385
66
35
35
459
49
8
-156
-186
-158
224
-118
-162
106
-21
354
-93
288
26
-412
-94
-161
-269
582
-158
123
293
-289
127
307
-367
-486
-31
171
485
191
-327
-418
98
363
97
24
-338
-97
98
74
70
-75
13
24
88
-258
53
93
-92
272
64
-117
-100
-27
-121
-559
551
278
239
49
-422
-263
284
-104
79
-27
-255
445
-207
15
-8
44
100
84
-117
-126
-172
222
-193
424
-357
-8
248
-166
246
-283
211
-174
187
-159
-290
329
307
-497
-87
265
-122
206
174
113
-250
-432
43
301
-105
-140
75
225
9
156
140
-402
-161
-321
396
327
-122
-103
-219
131
112
-24
16
29
321
-222
-425
144
27
-85
-88
205
264
202
-253
-133
-4
71
-153
-328
175
265
-85
171
60
-86
29
-202
-2
308
-363
-23
-174
322
142
-149
251
-223
186
-405
69
87
238
-220
96
-105
-68
-158
135
443
-157
-86
-6
-115
-95
139
59
57
-351
81
165
88
-111
215
-168
102
-263
104
315
-284
-485
263
212
-128
338
150
-186
9
-27
-347
-167
175
145
-338
541
-24
324
-135
-268
-494
287
189
-92
301
-387
-24
-144
271
298
32
-77
-220
74
-106
-257
51
-112
610
-135
-104
124
-138
138
63
-347
-189
540
-96
-488
186
52
428
-16
-356
91
205
-186
-178
34
9
264
-345
25
64
230
88
-129
-9
138
-342
-216
360
130
-439
82
303
8
-17
31
13
-17
-342
263
-57
-130
78
-16
123
-283
586
-364
298
-159
-315
57
135
288
-259
-330
44
-46
369
208
134
-13
-438
123
-368
-120
168
302
-305
314
399
-64
-202
-419
-48
164
-26
151
-39
17
-90
227
-42
-49
-125
221
-153
-87
253
-452
226
123
2
-383
570
-179
166
-4
-313
-42
-224
134
86
293
84
167
-249
-216
-209
-181
290
277
93
-272
213
-116
-144
397
-332
169
-442
-15
139
171
122
65
331
-480
89
-177
-431
414
16
-181
502
-129
-20
-245
208
278
-129
-263
-569
404
119
260
-56
7
62
-245
26
18
-20
44
-40
54
-4
-9
80
-349
304
-303
261
289
-33
9
-244
57
-584
-61
374
456
226
-324
-172
129
-341
206
-58
-73
296
-157
-9
-104
226
16
-198
-217
398
-30
60
83
-292
91
-8
-229
14
-9
150
313
-183
292
-355
225
-130
-503
169
231
-84
34
-170
301
377
-309
-50
-116
131
-162
-103
-119
141
-70
158
232
183
-390
21
428
-265
-280
-167
-166
126
296
255
32
-180
60
-37
102
-222
-169
155
77
-468
7
471
47
82
341
-96
-373
-319
-133
277
-79
43
180
184
-119
-60
114
-40
227
-306
-255
44
-269
-37
610
268
282
-425
-234
-284
-96
290
-160
294
204
-145
-378
546
-269
183
75
-592
-34
44
65
629
155
-433
-222
253
-159
-203
142
-335
220
507
183
-609
290
-19
-226
-268
230
79
-53
296
87
-353
-351
411
-69
269
29
-21
-253
-116
50
-63
-106
103
423
-139
332
-199
-519
113
86
22
124
8
-250
7
33
308
-83
67
7
-97
55
-241
-68
-293
403
76
112
101
-121
237
-251
-187
-148
218
-10
12
-23
-66
-2
130
326
92
-167
-530
-159
432
-76
-3
163
-26
105
-171
-164
156
330
-296
142
-262
-234
170
271
-138
31
357
-277
-165
-110
328
-56
-265
273
-63
-129
-8
35
434
-169
-346
55
38
72
127
-100
67
-397
121
450
-241
-87
309
-205
-175
-19
114
-35
2
163
-147
194
-26
174
-294
-190
-49
-192
317
352
-26
240
-252
-280
-148
-34
68
208
32
-92
316
-162
-46
-156
147
-305
281
220
-317
122
-275
77
168
195
-108
-206
-54
305
70
-225
-115
14
-47
-45
316
-64
124
-117
-41
102
-188
-241
265
215
-237
87
8
-8
-62
-299
514
178
-309
-66
-158
34
75
79
33
-63
171
82
-436
66
44
100
109
-49
-94
43
89
58
-370
-220
271
231
91
283
-264
-238
-159
-28
214
-19
20
-245
496
-115
46
-48
-87
-4
-162
18
-130
128
178
161
-4
-2
-221
-295
273
-24
193
-333
61
399
-97
20
-376
189
-12
-79
-172
39
414
234
-406
51
138
-115
-337
-199
105
225
395
36
-216
183
-35
-319
-170
-262
568
-201
96
229
-390
468
64
-143
-118
-430
473
-88
-523
198
259
290
-77
141
67
-264
-319
-179
120
118
149
-19
284
-96
-77
154
-288
-438
273
452
-321
83
207
-156
-307
207
226
-337
160
113
-143
-166
248
119
-359
201
115
-117
33
-193
-158
288
-93
173
470
-302
-376
153
-573
360
212
60
276
-250
-194
-81
276
47
-153
-201
255
-130
150
-98
2
-104
75
149
146
-15
-196
-215
33
-193
197
299
188
20
-517
-11
155
-32
-372
480
145
244
-351
-210
-220
105
115
230
13
-271
544
-387
11
13
-170
-31
-201
260
269
189
-166
-337
73
65
95
-182
-7
-46
78
147
217
-46
-420
-121
141
138
40
260
-258
142
16
-592
125
83
145
292
167
-202
-311
-149
110
266
-116
-88
-77
19
457
-55
-210
-60
-383
241
342
-78
-82
-147
213
-119
36
20
-181
8
142
292
-142
-259
-170
514
-445
209
-100
262
72
-446
230
-190
393
-146
-301
127
185
-214
369
-187
-87
25
121
-293
-153
348
0
270
-51
-66
-545
131
373
-217
43
17
327
-310
41
-41
-74
-26
45
103
-221
253
103
335
-477
-385
66
35
35
459
49
8
-156
-186
-158
224
-118
-162
106
-21
354
-93
288
26
-412
-94
-161
-269
582
-158
123
293
-289
127
307
-367
-486
-31
171
485
191
-327
-418
98
363
97
24
-338
-97
98
74
70
-75
13
24
88
-258
53
93
-92
272
64
-117
-100
-27
-121
-559
551
278
239
49
-422
-263
284
-104
79
-27
-255
445
-207
15
-8
44
100
84
-117
-126
-172
222
-193
424
-357
-8
248
-166
246
-283
211
-174
187
-159
-290
329
307
-497
-87
265
-122
206
174
113
-250
-432
43
301
-105
-140
75
225
9
156
140
-402
-161
-321
396
327
-122
-103
-219
131
112
-24
16
29
321
-222
-425
144
27
-85
-88
205
264
202
-253
-133
-4
71
-153
-328
175
265
-85
171
60
-86
29
-202
-2
308
-363
-23
-174
322
142
-149
251
-223
186
-405
69
87
238
-220
96
-105
-68
-158
135
443
-157
-86
-6
-115
-95
139
59
57
-351
81
165
88
-111
215
-168
102
-263
104
315
-284
-485
263
212
-128
338
150
-186
9
-27
-347
-167
175
145
-338
541
-24
324
-135
-268
-494
287
189
-92
301
-387
-24
-144
271
298
32
-77
-220
74
-106
-257
51
-112
610
-135
-104
124
-138
138
63
-347
-189
540
-96
-488
186
52
428
-16
-356
91
205
-186
-178
34
9
264
-345
25
64
230
88
-129
-9
138
-342
-216
360
130
-439
82
303
8
-17
31
13
-17
-342
263
-57
-130
78
-16
123
-283
586
-364
298
-159
-315
57
135
288
-259
-330
44
-46
369
208
134
-13
-438
123
-368
-120
168
302
-305
314
399
-64
-202
-419
-48
164
-26
151
-39
17
-90
227
-42
-49
-125
221
-153
-87
253
-452
226
123
2
-383
570
-179
166
-4
-313
-42
-224
134
86
293
84
167
-249
-216
-209
-181
290
277
93
-272
213
-116
-144
397
-332
169
-442
-15
139
171
122
65
331
-480
89
-177
-431
414
16
-181
502
-129
-20
-245
208
278
-129
-263
-569
404
119
260
-56
7
62
-245
26
18
-20
44
-40
54
-4
-9
80
-349
304
-303
261
289
-33
9
-244
57
-584
-61
374
456
226
-324
-172
129
-341
206
-58
-73
296
-157
-9
-104
226
16
-198
-217
398
-30
60
83
-292
91
-8
-229
14
-9
150
313
-183
292
-355
225
-130
-503
169
231
-84
34
-170
301
377
-309
-50
-116
131
-162
-103
-119
141
-70
158
232
183
-390
21
428
-265
-280
-167
-166
126
296
255
32
-180
60
-37
102
-222
-169
155
77
-468
7
471
47
82
341
-96
-373
-319
-133
277
-79
43
180
184
-119
-60
114
-40
227
-306
-255
44
-269
-37
610
268
282
-425
-234
-284
-96
290
-160
294
204
-145
-378
546
-269
183
75
-592
-34
44
65
629
155
-433
-222
253
-159
-203
142
-335
220
507
183
-609
290
-19
-226
-268
230
79
-53
296
87
-353
-351
411
-69
269
29
-21
-253
-116
50
-63
-106
103
423
-139
332
-199
-519
113
86
22
124
8
-250
7
33
308
-83
67
7
-97
55
-241
-68
-293
403
76
112
101
-121
237
-251
-187
-148
218
-10
12
-23
-66
-2
130
326
92
-167
-530
-159
432
-76
-3
163
-26
105
-171
-164
156
330
-296
142
-262
-234
170
271
-138
31
357
-277
-165
-110
328
-56
-265
273
-63
-129
-8
35
434
-169
-346
55
38
72
127
-100
67
-397
121
450
-241
-87
309
-205
-175
-19
114
-35
2
163
-147
194
-26
174
-294
-190
-49
-192
317
352
-26
240
-252
-280
-148
-34
68
208
32
-92
316
-162
-46
-156
147
-305
281
220
-317
122
-275
77
168
195
-108
-206
-54
305
70
-225
-115
14
-47
-45
316
-64
124
-117
-41
102
-188
-241
265
215
-237
87
8
-8
-62
-299
514
178
-309
-66
-158
34
75
79
33
-63
171
82
-436
66
44
100
109
-49
-94
43
89
58
-370
-220
271
231
91
283
-264
-238
-159
-28
214
-19
20
-245
496
-115
46
-48
-87
-4
-162
18
-130
128
178
161
-4
-2
-221
-295
273
-24
193
-333
61
399
-97
20
-376
189
-12
-79
-172
39
414
234
-406
51
138
-115
-337
-199
105
225
395
36
-216
183
-35
-319
-170
-262
568
-201
96
229
-390
468
64
-143
-118
-430
473
-88
-523
198
259
290
-77
141
67
-264
-319
-179
120
118
149
-19
284
-96
-77
154
-288
-438
273
452
-321
83
207
-156
-307
207
226
-337
160
113
-143
-166
248
119
-359
201
115
-117
33
-193
-158
288
-93
173
470
-302
-376
153
-573
360
212
60
276
-250
-194
-81
276
47
-153
-201
255
-130
150
-98
2
-104
75
149
146
-15
-196
-215
33
-193
197
299
188
20
-517
-11
155
-32
-372
480
145
244
-351
-210
-220
105
115
230
13
-271
544
-387
11
13
-170
-31
-201
260
269
189
-166
-337
73
65
95
-182
-7
-46
78
147
217
-46
-420
-121
141
138
40
260
-258
142
16
-592
125
83
145
292
167
-202
-311
-149
110
266
-116
-88
-77
19
457
-55
-210
-60
-383
241
342
-78
-82
-147
213
-119
36
20
-181
8
142
292
-142
-259
-170
514
-445
209
-100
262
72
-446
230
-190
393
-146
-301
127
185
-214
369
-187
-87
25
121
-293
-153
348
0
270
-51
-66
-545
131
373
-217
43
17
327
-310
41
-41
-74
-26
45
103
-221
253
103
335
-477
-385
66
35
35
459
49
8
-156
-186
-158
224
-118
-162
106
-21
354
-93
288
26
-412
-94
-161
-269
582
-158
123
293
-289
127
307
-367
-486
-31
171
485
191
-327
-418
98
363
97
24
-338
-97
98
74
70
-75
13
24
88
-258
53
93
-92
272
64
-117
-100
-27
-121
-559
551
278
239
49
-422
-263
284
-104
79
-27
-255
445
-207
15
-8
44
100
84
-117
-126
-172
222
-193
424
-357
-8
248
-166
246
-283
211
-174
187
-159
-290
329
307
-497
-87
265
-122
206
174
113
-250
-432
43
301
-105
-140
75
225
9
156
140
-402
-161
-321
396
327
-122
-103
-219
131
112
-24
16
29
321
-222
-425
144
27
-85
-88
205
264
202
-253
-133
-4
71
-153
-328
175
265
-85
171
60
-86
29
-202
-2
308
-363
-23
-174
322
142
-149
251
-223
186
-405
69
87
238
-220
96
-105
-68
-158
135
443
-157
-86
-6
-115
-95
139
59
57
-351
81
165
88
-111
215
-168
102
-263
104
315
-284
-485
263
212
-128
338
150
-186
9
-27
-347
-167
175
145
-338
541
-24
324
-135
-268
-494
287
189
-92
301
-387
-24
-144
271
298
32
-77
-220
74
-106
-257
51
-112
610
-135
-104
124
-138
138
63
-347
-189
540
-96
-488
186
52
428
-16
-356
91
205
-186
-178
34
9
264
-345
25
64
230
88
-129
-9
138
-342
-216
360
130
-439
82
303
8
-17
31
13
-17
-342
263
-57
-130
78
-16
123
-283
586
-364
298
-159
-315
57
135
288
-259
-330
44
-46
369
208
134
-13
-438
123
-368
-120
168
302
-305
314
399
-64
-202
-419
-48
164
-26
151
-39
17
-90
227
-42
-49
-125
221
-153
-87
253
-452
226
123
2
-383
570
-179
166
-4
-313
-42
-224
134
86
293
84
167
-249
-216
-209
-181
290
277
93
-272
213
-116
-144
397
-332
169
-442
-15
139
171
122
65
331
-480
89
-177
-431
414
16
-181
502
-129
-20
-245
208
278
-129
-263
-569
404
119
260
-56
7
62
-245
26
18
-20
44
-40
54
-4
-9
80
-349
304
-303
261
289
-33
9
-244
57
-584
-61
374
456
226
-324
-172
129
-341
206
-58
-73
296
-157
-9
-104
226
16
-198
-217
398
-30
60
83
-292
91
-8
-229
14
-9
150
313
-183
292
-355
225
-130
-503
169
231
-84
34
-170
301
377
-309
-50
-116
131
-162
-103
-119
141
-70
158
232
183
-390
21
428
-265
-280
-167
-166
126
296
255
32
-180
60
-37
102
-222
-169
155
77
-468
7
471
47
82
341
-96
-373
-319
-133
277
-79
43
180
184
-119
-60
114
-40
227
-306
-255
44
-269
-37
610
268
282
-425
-234
-284
-96
290
-160
294
204
-145
-378
546
-269
183
75
-592
-34
44
65
629
155
-433
-222
253
-159
-203
142
-335
220
507
183
-609
290
-19
-226
-268
230
79
-53
296
87
-353
-351
411
-69
269
29
-21
-253
-116
50
-63
-106
103
423
-139
332
-199
-519
113
86
22
124
8
-250
7
33
308
-83
67
7
-97
55
-241
-68
-293
403
76
112
101
-121
237
-251
-187
-148
218
-10
12
-23
-66
-2
130
326
92
-167
-530
-159
432
-76
-3
163
-26
105
-171
-164
156
330
-296
142
-262
-234
170
271
-138
31
357
-277
-165
-110
328
-56
-265
273
-63
-129
-8
35
434
-169
-346
55
38
72
127
-100
67
-397
121
450
-241
-87
309
-205
-175
-19
114
-35
2
163
-147
194
-26
174
-294
-190
-49
-192
317
352
-26
240
-252
-280
-148
-34
68
208
32
-92
316
-162
-46
-156
147
-305
281
220
-317
122
-275
77
168
195
-108
-206
-54
305
70
-225
-115
14
-47
-45
316
-64
124
-117
-41
102
-188
-241
265
215
-237
87
8
-8
-62
-299
514
178
-309
-66
-158
34
75
79
33
-63
171
82
-436
66
44
100
109
-49
-94
43
89
58
-370
-220
271
231
91
283
-264
-238
-159
-28
214
-19
20
-245
496
-115
46
-48
-87
-4
-162
18
-130
128
178
161
-4
-2
-221
-295
273
-24
193
-333
61
399
-97
20
-376
189
-12
-79
-172
39
414
234
-406
51
138
-115
-337
-199
105
225
395
36
-216
183
-35
-319
-170
-262
568
-201
96
229
-390
468
64
-143
-118
-430
473
-88
-523
198
259
290
-77
141
67
-264
-319
-179
120
118
149
-19
284
-96
-77
154
-288
-438
273
452
-321
83
207
-156
-307
207
226
-337
160
113
-143
-166
248
119
-359
201
115
-117
33
-193
-158
288
-93
173
470
-302
-376
153
-573
360
212
60
276
-250
-194
-81
276
47
-153
-201
255
-130
150
-98
2
-104
75
149
146
-15
-196
-215
33
-193
197
299
188
20
-517
-11
155
-32
-372
480
145
244
-351
-210
-220
105
115
230
13
-271
544
-387
11
13
-170
-31
-201
260
269
189
-166
-337
73
65
95
-182
-7
-46
78
147
217
-46
-420
-121
141
138
40
260
-258
142
16
-592
125
83
145
292
167
-202
-311
-149
110
266
-116
-88
-77
19
457
-55
-210
-60
-383
241
342
-78
-82
-147
213
-119
36
20
-181
8
142
292
-142
-259
-170
514
-445
209
-100
262
72
-446
230
-190
393
-146
-301
127
185
-214
369
-187
-87
25
121
-293
-153
348
0
270
-51
-66
-545
131
373
-217
43
17
327
-310
41
-41
-74
-26
45
103
-221
253
103
335
-477
-385
66
35
35
459
49
8
-156
-186
-158
224
-118
-162
106
-21
354
-93
288
26
-412
-94
-161
-269
582
-158
123
293
-289
127
307
-367
-486
-31
171
485
191
-327
-418
98
363
97
24
-338
-97
98
74
70
-75
13
24
88
-258
53
93
-92
272
64
-117
-100
-27
-121
-559
551
278
239
49
-422
-263
284
-104
79
-27
-255
445
-207
15
-8
44
100
84
-117
-126
-172
222
-193
424
-357
-8
248
-166
246
-283
211
-174
187
-159
-290
329
307
-497
-87
265
-122
206
174
113
-250
-432
43
301
-105
-140
75
225
9
156
140
-402
-161
-321
396
327
-122
-103
-219
131
112
-24
16
29
321
-222
-425
144
27
-85
-88
205
264
202
-253
-133
-4
71
-153
-328
175
265
-85
171
60
-86
29
-202
-2
308
-363
-23
-174
322
142
-149
251
-223
186
-405
69
87
238
-220
96
-105
-68
-158
135
443
-157
-86
-6
-115
-95
139
59
57
-351
81
165
88
-111
215
-168
102
-263
104
315
-284
-485
263
212
-128
338
150
-186
9
-27
-347
-167
175
145
-338
541
-24
324
-135
-268
-494
287
189
-92
301
-387
-24
-144
271
298
32
-77
-220
74
-106
-257
51
-112
610
-135
-104
124
-138
138
63
-347
-189
540
-96
-488
186
52
428
-16
-356
91
205
-186
-178
34
9
264
-345
25
64
230
88
-129
-9
138
-342
-216
360
130
-439
82
303
8
-17
31
13
-17
-342
263
-57
-130
78
-16
123
-283
586
-364
298
-159
-315
57
135
288
-259
-330
44
-46
369
208
134
-13
-438
123
-368
-120
168
302
-305
314
399
-64
-202
-419
-48
164
-26
151
-39
17
-90
227
-42
-49
-125
221
-153
-87
253
-452
226
123
2
-383
570
-179
166
-4
-313
-42
-224
134
86
293
84
167
-249
-216
-209
-181
290
277
93
-272
213
-116
-144
397
-332
169
-442
-15
139
171
122
65
331
-480
89
-177
-431
414
16
-181
502
-129
-20
-245
208
278
-129
-263
-569
404
119
260
-56
7
62
-245
26
18
-20
44
-40
54
-4
-9
80
-349
304
-303
261
289
-33
9
-244
57
-584
-61
374
456
226
-324
-172
129
-341
206
-58
-73
296
-157
-9
-104
226
16
-198
-217
398
-30
60
83
-292
91
-8
-229
14
-9
150
313
-183
292
-355
225
-130
-503
169
231
-84
34
-170
301
377
-309
-50
-116
131
-162
-103
-119
141
-70
158
232
183
-390
21
428
-265
-280
-167
-166
126
296
255
32
-180
60
-37
102
-222
-169
155
77
-468
7
471
47
82
341
-96
-373
-319
-133
277
-79
43
180
184
-119
-60
114
-40
227
-306
-255
44
-269
-37
610
268
282
-425
-234
-284
-96
290
-160
294
204
-145
-378
546
-269
183
75
-592
-34
44
65
629
155
-433
-222
253
-159
-203
142
-335
220
507
183
-609
290
-19
-226
-268
230
79
-53
296
87
-353
-351
411
-69
269
29
-21
-253
-116
50
-63
-106
103
423
-139
332
-199
-519
113
86
22
124
8
-250
7
33
308
-83
67
7
-97
55
-241
-68
-293
403
76
112
101
-121
237
-251
-187
-148
218
-10
12
-23
-66
-2
130
326
92
-167
-530
-159
432
-76
-3
163
-26
105
-171
-164
156
330
-296
142
-262
-234
170
271
-138
31
357
-277
-165
-110
328
-56
-265
273
-63
-129
-8
35
434
-169
-346
55
38
72
127
-100
67
-397
121
450
-241
-87
309
-205
-175
-19
114
-35
2
163
-147
194
-26
174
-294
-190
-49
-192
317
352
-26
240
-252
-280
-148
-34
68
208
32
-92
316
-162
-46
-156
147
-305
281
220
-317
122
-275
77
168
195
-108
-206
-54
305
70
-225
-115
14
-47
-45
316
-64
124
-117
-41
102
-188
-241
265
215
-237
87
8
-8
-62
-299
514
178
-309
-66
-158
34
75
79
33
-63
171
82
-436
66
44
100
109
-49
-94
43
89
58
-370
-220
271
231
91
283
-264
-238
-159
-28
214
-19
20
-245
496
-115
46
-48
-87
-4
-162
18
-130
128
178
161
-4
-2
-221
-295
273
-24
193
-333
61
399
-97
20
-376
189
-12
-79
-172
39
414
234
-406
51
138
-115
-337
-199
105
225
395
36
-216
183
-35
-319
-170
-262
568
-201
96
229
-390
468
64
-143
-118
-430
473
-88
-523
198
259
290
-77
141
67
-264
-319
-179
120
118
149
-19
284
-96
-77
154
-288
-438
273
452
-321
83
207
-156
-307
207
226
-337
160
113
-143
-166
248
119
-359
201
115
-117
33
-193
-158
288
-93
173
470
-302
-376
153
-573
360
212
60
276
-250
-194
-81
276
47
-153
-201
255
-130
150
-98
2
-104
75
149
146
-15
-196
-215
33
-193
197
299
188
20
-517
-11
155
-32
-372
480
145
244
-351
-210
-220
105
115
230
13
-271
544
-387
11
13
-170
-31
-201
260
269
189
-166
-337
73
65
95
-182
-7
-46
78
147
217
-46
-420
-121
141
138
40
260
-258
142
16
-592
125
83
145
292
167
-202
-311
-149
110
266
-116
-88
-77
19
457
-55
-210
-60
-383
241
342
-78
-82
-147
213
-119
36
20
-181
8
142
292
-142
-259
-170
514
-445
209
-100
262
72
-446
230
-190
393
-146
-301
127
185
-214
369
-187
-87
25
121
-293
-153
348
0
270
-51
-66
-545
131
373
-217
43
17
327
-310
41
-41
-74
-26
45
103
-221
253
103
335
-477
-385
66
35
35
459
49
8
-156
-186
-158
224
-118
-162
106
-21
354
-93
288
26
-412
-94
-161
-269
582
-158
123
293
-289
127
307
-367
-486
-31
171
485
191
-327
-418
98
363
97
24
-338
-97
98
74
70
-75
13
24
88
-258
53
93
-92
272
64
-117
-100
-27
-121
-559
551
278
239
49
-422
-263
284
-104
79
-27
-255
445
-207
15
-8
44
100
84
-117
-126
-172
222
-193
424
-357
-8
248
-166
246
-283
211
-174
187
-159
-290
329
307
-497
-87
265
-122
206
174
113
-250
-432
43
301
-105
-140
75
225
9
156
140
-402
-161
-321
396
327
-122
-103
-219
131
112
-24
16
29
321
-222
-425
144
27
-85
-88
205
264
202
-253
-133
-4
71
-153
-328
175
265
-85
171
60
-86
29
-202
-2
308
-363
-23
-174
322
142
-149
251
-223
186
-405
69
87
238
-220
96
-105
-68
-158
135
443
-157
-86
-6
-115
-95
139
59
57
-351
81
165
88
-111
215
-168
102
-263
104
315
-284
-485
263
212
-128
338
150
-186
9
-27
-347
-167
175
145
-338
541
-24
324
-135
-268
-494
287
189
-92
301
-387
-24
-144
271
298
32
-77
-220
74
-106
-257
51
-112
610
-135
-104
124
-138
138
63
-347
-189
540
-96
-488
186
52
428
-16
-356
91
205
-186
-178
34
9
264
-345
25
64
230
88
-129
-9
138
-342
-216
360
130
-439
82
303
8
-17
31
13
-17
-342
263
-57
-130
78
-16
123
-283
586
-364
298
-159
-315
57
135
288
-259
-330
44
-46
369
208
134
-13
-438
123
-368
-120
168
302
-305
314
399
-64
-202
-419
-48
164
-26
151
-39
17
-90
227
-42
-49
-125
221
-153
-87
253
-452
226
123
2
-383
570
-179
166
-4
-313
-42
-224
134
86
293
84
167
-249
-216
-209
-181
290
277
93
-272
213
-116
-144
397
-332
169
-442
-15
139
171
122
65
331
-480
89
-177
-431
414
16
-181
502
-129
-20
-245
208
278
-129
-263
-569
404
119
260
-56
7
62
-245
26
18
-20
44
-40
54
-4
-9
80
-349
304
-303
261
289
-33
9
-244
57
-584
-61
374
456
226
-324
-172
129
-341
206
-58
-73
296
-157
-9
-104
226
16
-198
-217
398
-30
60
83
-292
91
-8
-229
14
-9
150
313
-183
292
-355
225
-130
-503
169
231
-84
34
-170
301
377
-309
-50
-116
131
-162
-103
-119
141
-70
158
232
183
-390
21
428
-265
-280
-167
-166
126
296
255
32
-180
60
-37
102
-222
-169
155
77
-468
7
471
47
82
341
-96
-373
-319
-133
277
-79
43
180
184
-119
-60
114
-40
227
-306
-255
44
-269
-37
610
268
282
-425
-234
-284
-96
290
-160
294
204
-145
-378
546
-269
183
75
-592
-34
44
65
629
155
-433
-222
253
-159
-203
142
-335
220
507
183
-609
290
-19
-226
-268
230
79
-53
296
87
-353
-351
411
-69
269
29
-21
-253
-116
50
-63
-106
103
423
-139
332
-199
-519
113
86
22
124
8
-250
7
33
308
-83
67
7
-97
55
-241
-68
-293
403
76
112
101
-121
237
-251
-187
-148
218
-10
12
-23
-66
-2
130
326
92
-167
-530
-159
432
-76
-3
163
-26
105
-171
-164
156
330
-296
142
-262
-234
170
271
-138
31
357
-277
-165
-110
328
-56
-265
273
-63
-129
-8
35
434
-169
-346
55
38
72
127
-100
67
-397
121
450
-241
-87
309
-205
-175
-19
114
-35
2
163
-147
194
-26
174
-294
-190
-49
-192
317
352
-26
240
-252
-280
-148
-34
68
208
32
-92
316
-162
-46
-156
147
-305
281
220
-317
122
-275
77
168
195
-108
-206
-54
305
70
-225
-115
14
-47
-45
316
-64
124
-117
-41
102
-188
-241
265
215
-237
87
8
-8
-62
-299
514
178
-309
-66
-158
34
75
79
33
-63
171
82
-436
66
44
100
109
-49
-94
43
89
58
-370
-220
271
231
91
283
-264
-238
-159
-28
214
-19
20
-245
496
-115
46
-48
-87
-4
-162
18
-130
128
178
161
-4
-2
-221
-295
273
-24
193
-333
61
399
-97
20
-376
189
-12
-79
-172
39
414
234
-406
51
138
-115
-337
-199
105
225
395
36
-216
183
-35
-319
-170
-262
568
-201
96
229
-390
468
64
-143
-118
-430
473
-88
-523
198
259
290
-77
141
67
-264
-319
-179
120
118
149
-19
284
-96
-77
154
-288
-438
273
452
-321
83
207
-156
-307
207
226
-337
160
113
-143
-166
248
119
-359
201
115
-117
33
-193
-158
288
-93
173
470
-302
-376
153
-573
360
212
60
276
-250
-194
-81
276
47
-153
-201
255
-130
150
-98
2
-104
75
149
146
-15
-196
-215
33
-193
197
299
188
20
-517
-11
155
-32
-372
480
145
244
-351
-210
-220
105
115
230
13
-271
544
-387
11
13
-170
-31
-201
260
269
189
-166
-337
73
65
95
-182
-7
-46
78
147
217
-46
-420
-121
141
138
40
260
-258
142
16
-592
125
83
145
292
167
-202
-311
-149
110
266
-116
-88
-77
19
457
-55
-210
-60
-383
241
342
-78
-82
-147
213
-119
36
20
-181
8
142
292
-142
-259
-170
514
-445
209
-100
262
72
-446
230
-190
393
-146
-301
127
185
-214
369
-187
-87
25
121
-293
-153
348
0
270
-51
-66
-545
131
373
-217
43
17
327
-310
41
-41
-74
-26
45
103
-221
253
103
335
-477
-385
66
35
35
459
49
8
-156
-186
-158
224
-118
-162
106
-21
354
-93
288
26
-412
-94
-161
-269
582
-158
123
293
-289
127
307
-367
-486
-31
171
485
191
-327
-418
98
363
97
24
-338
-97
98
74
70
-75
13
24
88
-258
53
93
-92
272
64
-117
-100
-27
-121
-559
551
278
239
49
-422
-263
284
-104
79
-27
-255
445
-207
15
-8
44
100
84
-117
-126
-172
222
-193
424
-357
-8
248
-166
246
-283
211
-174
187
-159
-290
329
307
-497
-87
265
-122
206
174
113
-250
-432
43
301
-105
-140
75
225
9
156
140
-402
-161
-321
396
327
-122
-103
-219
131
112
-24
16
29
321
-222
-425
144
27
-85
-88
205
264
202
-253
-133
-4
71
-153
-328
175
265
-85
171
60
-86
29
-202
-2
308
-363
-23
-174
322
142
-149
251
-223
186
-405
69
87
238
-220
96
-105
-68
-158
135
443
-157
-86
-6
-115
-95
139
59
57
-351
81
165
88
-111
215
-168
102
-263
104
315
-284
-485
263
212
-128
338
150
-186
9
-27
-347
-167
175
145
-338
541
-24
324
-135
-268
-494
287
189
-92
301
-387
-24
-144
271
298
32
-77
-220
74
-106
-257
51
-112
610
-135
-104
124
-138
138
63
347
189
-540
96
488
-186
-52
-428
16
356
-91
-205
186
178
-34
-9
-264
345
-25
-64
-230
-88
129
9
-138
342
216
-360
-130
439
-82
-303
-8
17
-31
-13
17
342
-263
57
130
-78
16
-123
283
-586
364
-298
159
315
-57
-135
-288
259
330
-44
46
-369
-208
-134
13
438
-123
368
120
-168
-302
305
-314
-399
64
202
419
48
-164
26
-151
39
-17
90
-227
42
49
125
-221
153
87
-253
452
-226
-123
-2
383
-570
179
-166
4
313
42
224
-134
-86
-293
-84
-167
249
216
209
181
-290
-277
-93
272
-213
116
144
-397
332
-169
442
15
-139
-171
-122
-65
-331
480
-89
177
431
-414
-16
181
-502
129
20
245
-208
-278
129
263
569
-404
-119
-260
56
-7
-62
245
-26
-18
20
-44
40
-54
4
9
-80
349
-304
303
-261
-289
33
-9
244
-57
584
61
-374
-456
-226
324
172
-129
341
-206
58
73
-296
157
9
104
-226
-16
198
217
-398
30
-60
-83
292
-91
8
229
-14
9
-150
-313
183
-292
355
-225
130
503
-169
-231
84
-34
170
-301
-377
309
50
116
-131
162
103
119
-141
70
-158
-232
-183
390
-21
-428
265
280
167
166
-126
-296
-255
-32
180
-60
37
-102
222
169
-155
-77
468
-7
-471
-47
-82
-341
96
373
319
133
-277
79
-43
-180
-184
119
60
-114
40
-227
306
255
-44
269
37
-610
-268
-282
425
234
284
96
-290
160
-294
-204
145
378
-546
269
-183
-75
592
34
-44
-65
-629
-155
433
222
-253
159
203
-142
335
-220
-507
-183
609
-290
19
226
268
-230
-79
53
-296
-87
353
351
-411
69
-269
-29
21
253
116
-50
63
106
-103
-423
139
-332
199
519
-113
-86
-22
-124
-8
250
-7
-33
-308
83
-67
-7
97
-55
241
68
293
-403
-76
-112
-101
121
-237
251
187
148
-218
10
-12
23
66
2
-130
-326
-92
167
530
159
-432
76
3
-163
26
-105
171
164
-156
-330
296
-142
262
234
-170
-271
138
-31
-357
277
165
110
-328
56
265
-273
63
129
8
-35
-434
169
346
-55
-38
-72
-127
100
-67
397
-121
-450
241
87
-309
205
175
19
-114
35
-2
-163
147
-194
26
-174
294
190
49
192
-317
-352
26
-240
252
280
148
34
-68
-208
-32
92
-316
162
46
156
-147
305
-281
-220
317
-122
275
-77
-168
-195
108
206
54
-305
-70
225
115
-14
47
45
-316
64
-124
117
41
-102
188
241
-265
-215
237
-87
-8
8
62
299
-514
-178
309
66
158
-34
-75
-79
-33
63
-171
-82
436
-66
-44
-100
-109
49
94
-43
-89
-58
370
220
-271
-231
-91
-283
264
238
159
28
-214
19
-20
245
-496
115
-46
48
87
4
162
-18
130
-128
-178
-161
4
2
221
295
-273
24
-193
333
-61
-399
97
-20
376
-189
12
79
172
-39
-414
-234
406
-51
-138
115
337
199
-105
-225
-395
-36
216
-183
35
319
170
262
-568
201
-96
-229
390
-468
-64
143
118
430
-473
88
523
-198
-259
-290
77
-141
-67
264
319
179
-120
-118
-149
19
-284
96
77
-154
288
438
-273
-452
321
-83
-207
156
307
-207
-226
337
-160
-113
143
166
-248
-119
359
-201
-115
117
-33
193
158
-288
93
-173
-470
302
376
-153
573
-360
-212
-60
-276
250
194
81
-276
-47
153
201
-255
130
-150
98
-2
104
-75
-149
-146
15
196
215
-33
193
-197
-299
-188
-20
517
11
-155
32
372
-480
-145
-244
351
210
220
-105
-115
-230
-13
271
-544
387
-11
-13
170
31
201
-260
-269
-189
166
337
-73
-65
-95
182
7
46
-78
-147
-217
46
420
121
-141
-138
-40
-260
258
-142
-16
592
-125
-83
-145
-292
-167
202
311
149
-110
-266
116
88
77
-19
-457
55
210
60
383
-241
-342
78
82
147
-213
119
-36
-20
181
-8
-142
-292
142
259
170
-514
445
-209
100
-262
-72
446
-230
190
-393
146
301
-127
-185
214
-369
187
87
-25
-121
293
153
-348
0
-270
51
66
545
-131
-373
217
-43
-17
-327
310
-41
41
74
26
-45
-103
221
-253
-103
-335
477
385
-66
-35
-35
-459
-49
-8
156
186
158
-224
118
162
-106
21
-354
93
-288
-26
412
94
161
269
-582
158
-123
-293
289
-127
-307
367
486
31
-171
-485
-191
327
418
-98
-363
-97
-24
338
97
-98
-74
-70
75
-13
-24
-88
258
-53
-93
92
-272
-64
117
100
27
121
559
-551
-278
-239
-49
422
263
-284
104
-79
27
255
-445
207
-15
8
-44
-100
-84
117
126
172
-222
193
-424
357
8
-248
166
-246
283
-211
174
-187
159
290
-329
-307
497
87
-265
122
-206
-174
-113
250
432
-43
-301
105
140
-75
-225
-9
-156
-140
402
161
321
-396
-327
122
103
219
-131
-112
24
-16
-29
-321
222
425
-144
-27
85
88
-205
-264
-202
253
133
4
-71
153
328
-175
-265
85
-171
-60
86
-29
202
2
-308
363
23
174
-322
-142
149
-251
223
-186
405
-69
-87
-238
220
-96
105
68
158
-135
-443
157
86
6
115
95
-139
-59
-57
351
-81
-165
-88
111
-215
168
-102
263
-104
-315
284
485
-263
-212
128
-338
-150
186
-9
27
347
167
-175
-145
338
-541
24
-324
135
268
494
-287
-189
92
-301
387
24
144
-271
-298
-32
77
220
-74
106
257
-51
112
-610
135
104
-124
138
-138
-63
347
189
-540
96
488
-186
-52
-428
16
356
-91
-205
186
178
-34
-9
-264
345
-25
-64
-230
-88
129
9
-138
342
216
-360
-130
439
-82
-303
-8
17
-31
-13
17
342
-263
57
130
-78
16
-123
283
-586
364
-298
159
315
-57
-135
-288
259
330
-44
46
-369
-208
-134
13
438
-123
368
120
-168
-302
305
-314
-399
64
202
419
48
-164
26
-151
39
-17
90
-227
42
49
125
-221
153
87
-253
452
-226
-123
-2
383
-570
179
-166
4
313
42
224
-134
-86
-293
-84
-167
249
216
209
181
-290
-277
-93
272
-213
116
144
-397
332
-169
442
15
-139
-171
-122
-65
-331
480
-89
177
431
-414
-16
181
-502
129
20
245
-208
-278
129
263
569
-404
-119
-260
56
-7
-62
245
-26
-18
20
-44
40
-54
4
9
-80
349
-304
303
-261
-289
33
-9
244
-57
584
61
-374
-456
-226
324
172
-129
341
-206
58
73
-296
157
9
104
-226
-16
198
217
-398
30
-60
-83
292
-91
8
229
-14
9
-150
-313
183
-292
355
-225
130
503
-169
-231
84
-34
170
-301
-377
309
50
116
-131
162
103
119
-141
70
-158
-232
-183
390
-21
-428
265
280
167
166
-126
-296
-255
-32
180
-60
37
-102
222
169
-155
-77
468
-7
-471
-47
-82
-341
96
373
319
133
-277
79
-43
-180
-184
119
60
-114
40
-227
306
255
-44
269
37
-610
-268
-282
425
234
284
96
-290
160
-294
-204
145
378
-546
269
-183
-75
592
34
-44
-65
-629
-155
433
222
-253
159
203
-142
335
-220
-507
-183
609
-290
19
226
268
-230
-79
53
-296
-87
353
351
-411
69
-269
-29
21
253
116
-50
63
106
-103
-423
139
-332
199
519
-113
-86
-22
-124
-8
250
-7
-33
-308
83
-67
-7
97
-55
241
68
293
-403
-76
-112
-101
121
-237
251
187
148
-218
10
-12
23
66
2
-130
-326
-92
167
530
159
-432
76
3
-163
26
-105
171
164
-156
-330
296
-142
262
234
-170
-271
138
-31
-357
277
165
110
-328
56
265
-273
63
129
8
-35
-434
169
346
-55
-38
-72
-127
100
-67
397
-121
-450
241
87
-309
205
175
19
-114
35
-2
-163
147
-194
26
-174
294
190
49
192
-317
-352
26
-240
252
280
148
34
-68
-208
-32
92
-316
162
46
156
-147
305
-281
-220
317
-122
275
-77
-168
-195
108
206
54
-305
-70
225
115
-14
47
45
-316
64
-124
117
41
-102
188
241
-265
-215
237
-87
-8
8
62
299
-514
-178
309
66
158
-34
-75
-79
-33
63
-171
-82
436
-66
-44
-100
-109
49
94
-43
-89
-58
370
220
-271
-231
-91
-283
264
238
159
28
-214
19
-20
245
-496
115
-46
48
87
4
162
-18
130
-128
-178
-161
4
2
221
295
-273
24
-193
333
-61
-399
97
-20
376
-189
12
79
172
-39
-414
-234
406
-51
-138
115
337
199
-105
-225
-395
-36
216
-183
35
319
170
262
-568
201
-96
-229
390
-468
-64
143
118
430
-473
88
523
-198
-259
-290
77
-141
-67
264
319
179
-120
-118
-149
19
-284
96
77
-154
288
438
-273
-452
321
-83
-207
156
307
-207
-226
337
-160
-113
143
166
-248
-119
359
-201
-115
117
-33
193
158
-288
93
-173
-470
302
376
-153
573
-360
-212
-60
-276
250
194
81
-276
-47
153
201
-255
130
-150
98
-2
104
-75
-149
-146
15
196
215
-33
193
-197
-299
-188
-20
517
11
-155
32
372
-480
-145
-244
351
210
220
-105
-115
-230
-13
271
-544
387
-11
-13
170
31
201
-260
-269
-189
166
337
-73
-65
-95
182
7
46
-78
-147
-217
46
420
121
-141
-138
-40
-260
258
-142
-16
592
-125
-83
-145
-292
-167
202
311
149
-110
-266
116
88
77
-19
-457
55
210
60
383
-241
-342
78
82
147
-213
119
-36
-20
181
-8
-142
-292
142
259
170
-514
445
-209
100
-262
-72
446
-230
190
-393
146
301
-127
-185
214
-369
187
87
-25
-121
293
153
-348
0
-270
51
66
545
-131
-373
217
-43
-17
-327
310
-41
41
74
26
-45
-103
221
-253
-103
-335
477
385
-66
-35
-35
-459
-49
-8
156
186
158
-224
118
162
-106
21
-354
93
-288
-26
412
94
161
269
-582
158
-123
-293
289
-127
-307
367
486
31
-171
-485
-191
327
418
-98
-363
-97
-24
338
97
-98
-74
-70
75
-13
-24
-88
258
-53
-93
92
-272
-64
117
100
27
121
559
-551
-278
-239
-49
422
263
-284
104
-79
27
255
-445
207
-15
8
-44
-100
-84
117
126
172
-222
193
-424
357
8
-248
166
-246
283
-211
174
-187
159
290
-329
-307
497
87
-265
122
-206
-174
-113
250
432
-43
-301
105
140
-75
-225
-9
-156
-140
402
161
321
-396
-327
122
103
219
-131
-112
24
-16
-29
-321
222
425
-144
-27
85
88
-205
-264
-202
253
133
4
-71
153
328
-175
-265
85
-171
-60
86
-29
202
2
-308
363
23
174
-322
-142
149
-251
223
-186
405
-69
-87
-238
220
-96
105
68
158
-135
-443
157
86
6
115
95
-139
-59
-57
351
-81
-165
-88
111
-215
168
-102
263
-104
-315
284
485
-263
-212
128
-338
-150
186
-9
27
347
167
-175
-145
338
-541
24
-324
135
268
494
-287
-189
92
-301
387
24
144
-271
-298
-32
77
220
-74
106
257
-51
112
-610
135
104
-124
138
-138
-63
-36
-152
44
80
360
56
-124
-160
-208
36
-208
492
-132
-104
-20
48
224
40
-164
-96
248
-372
248
-340
-152
332
-72
668
-88
-276
-152
-284
116
-100
296
52
-132
352
-268
-308
252
148
-12
-76
84
-260
-80
264
72
-312
-116
564
-36
32
-172
-396
12
252
416
-180
-376
-44
100
224
20
4
-52
132
-124
-512
220
252
-76
308
40
-252
-196
68
-172
56
512
-200
-144
-24
164
-300
76
336
-120
-180
-140
80
256
-40
-76
-24
28
-8
28
-88
76
224
-588
88
220
224
-48
-4
-140
32
12
-172
40
-44
192
-308
204
612
-392
-368
168
-52
-56
156
16
-20
52
-220
80
184
144
-156
-96
-160
-64
-20
216
204
84
-92
-352
360
-140
-456
48
196
428
192
-488
152
-12
-184
-160
12
156
48
204
-216
72
24
120
84
-348
-376
104
392
280
-168
-292
136
128
4
-260
-76
304
16
-340
96
416
-112
-88
-164
-256
112
356
72
88
-96
-512
84
300
-28
-124
196
-56
-232
-124
496
-24
32
-192
28
-172
-140
256
-196
244
-68
340
-236
44
-524
548
-16
-296
416
-276
-260
-28
492
-400
332
244
-84
-300
-24
-24
-96
40
-156
-44
552
164
-52
-208
-328
192
-340
216
108
68
264
-196
-320
24
-32
268
212
-208
72
-28
-104
-268
100
120
-172
184
48
296
260
-640
52
-224
-148
144
384
0
-88
184
-292
-44
-96
364
28
-296
-184
240
-180
580
-244
-312
200
-84
216
-64
-184
28
160
-132
-252
248
412
-372
132
-128
-28
-40
-4
124
-212
-100
260
316
264
-564
-272
48
268
-332
460
-216
-200
344
-24
324
-492
172
-76
40
-232
-12
-112
140
20
588
-84
-100
-56
-312
-88
-180
180
132
-184
404
76
-72
228
-256
-132
-256
268
-460
104
540
-32
-4
168
-300
-96
-220
308
16
-12
52
-76
56
-380
260
336
-384
356
-284
-208
396
-24
-80
52
-88
-408
332
-192
396
16
32
116
-64
-344
-244
-128
380
208
256
-88
-384
-8
-8
240
-60
-360
68
388
80
152
-448
-72
36
-204
288
108
-256
204
-140
392
20
-264
112
-380
-204
404
-296
256
104
88
-64
240
240
-292
-404
-472
348
-388
636
188
124
200
-128
-208
-44
-348
-260
300
28
-56
368
148
-212
52
40
100
-436
-64
232
-268
56
348
-96
68
-152
-144
388
32
-464
152
180
56
0
-196
-376
-200
660
-208
720
-96
-456
116
-296
236
-596
332
16
356
-292
108
424
-328
-24
28
-136
-332
436
-56
-232
236
-64
-28
264
28
-84
-168
196
-300
52
4
-140
40
292
-72
328
-308
-220
352
-204
-16
-96
132
40
-64
-112
0
100
476
-236
-32
-344
-160
188
-56
392
-28
-124
200
-120
-208
-60
-288
92
736
-364
44
320
-244
-108
-164
-308
-24
476
-48
164
24
124
104
-392
-364
52
4
476
-144
-128
320
-200
-52
4
32
108
-164
-56
216
-20
-252
-244
96
480
268
-304
-148
-104
56
-40
44
44
84
-20
-352
32
412
-56
-124
212
-16
-180
-128
-20
216
-168
-132
404
-104
-96
196
-212
-84
104
184
144
-296
-80
80
-316
-204
516
188
56
-64
64
8
-440
128
-172
64
148
-360
84
296
500
-16
-212
-84
-200
-212
-276
52
220
68
352
228
-24
100
-412
-72
-344
-236
304
160
100
128
132
-92
16
12
-112
-196
-120
-40
128
8
324
4
-224
-28
264
16
-192
-84
56
-28
-256
204
-76
396
-132
-140
216
112
-176
-220
-168
188
136
-76
108
8
-48
-184
240
-64
220
-244
-100
152
-8
-24
-352
196
132
16
324
-160
-128
-36
28
-252
188
-84
-68
208
-12
208
-84
-52
-216
16
256
180
-684
56
260
120
12
68
-48
-8
-204
-84
252
-32
168
-300
-152
116
108
128
-24
-124
272
-20
-312
-56
56
208
-64
-368
144
352
112
-188
-36
-256
464
-204
-104
-296
68
416
-216
180
-120
204
-8
-100
-144
56
-456
188
308
244
-392
384
20
-688
200
244
156
-104
-40
-172
-16
-240
212
264
392
-164
-376
-296
192
80
32
-16
148
188
-284
-148
-16
96
-48
304
-228
188
-8
-192
-104
-32
100
152
-120
-176
300
296
-24
-436
-152
-208
460
28
4
184
-148
-232
36
168
-20
52
-140
4
-156
392
-108
-200
232
-288
108
56
-32
112
60
136
-220
-264
-108
200
276
-236
140
156
-248
264
-360
-76
140
100
-24
-92
120
-308
480
-60
-104
-192
-160
336
164
-192
-244
208
16
-28
124
76
-260
20
68
-208
0
264
320
92
-860
112
320
-284
220
68
412
-612
-40
192
128
-224
-16
300
-260
120
-368
336
28
0
-40
40
216
-260
-84
-224
276
152
-388
256
76
68
108
-52
-276
-8
20
-124
-88
36
564
-32
72
-136
-252
-312
-36
244
240
-32
68
-52
-268
308
76
-116
-128
-224
12
116
340
72
-440
272
24
-108
-168
-108
372
80
4
-256
-272
-68
292
408
160
-328
-204
-84
-60
280
-88
-132
-76
80
264
440
-404
-140
-108
-116
40
-332
396
632
-336
-264
292
-316
-224
136
264
-52
216
-164
-124
-176
228
-244
44
260
68
268
-180
-232
-560
372
48
276
120
-156
-108
-200
52
396
-24
-340
-44
96
120
-96
256
-168
-196
-44
40
376
-88
-80
156
-268
84
-280
-12
164
104
504
-376
-200
-252
244
200
-68
172
-288
36
-8
-36
-152
44
80
360
56
-124
-160
-208
36
-208
492
-132
-104
-20
48
224
40
-164
-96
248
-372
248
-340
-152
332
-72
668
-88
-276
-152
-284
116
-100
296
52
-132
352
-268
-308
252
148
-12
-76
84
-260
-80
264
72
-312
-116
564
-36
32
-172
-396
12
252
416
-180
-376
-44
100
224
20
4
-52
132
-124
-512
220
252
-76
308
40
-252
-196
68
-172
56
512
-200
-144
-24
164
-300
76
336
-120
-180
-140
80
256
-40
-76
-24
28
-8
28
-88
76
224
-588
88
220
224
-48
-4
-140
32
12
-172
40
-44
192
-308
204
612
-392
-368
168
-52
-56
156
16
-20
52
-220
80
184
144
-156
-96
-160
-64
-20
216
204
84
-92
-352
360
-140
-456
48
196
428
192
-488
152
-12
-184
-160
12
156
48
204
-216
72
24
120
84
-348
-376
104
392
280
-168
-292
136
128
4
-260
-76
304
16
-340
96
416
-112
-88
-164
-256
112
356
72
88
-96
-512
84
300
-28
-124
196
-56
-232
-124
496
-24
32
-192
28
-172
-140
256
-196
244
-68
340
-236
44
-524
548
-16
-296
416
-276
-260
-28
492
-400
332
244
-84
-300
-24
-24
-96
40
-156
-44
552
164
-52
-208
-328
192
-340
216
108
68
264
-196
-320
24
-32
268
212
-208
72
-28
-104
-268
100
120
-172
184
48
296
260
-640
52
-224
-148
144
384
0
-88
184
-292
-44
-96
364
28
-296
-184
240
-180
580
-244
-312
200
-84
216
-64
-184
28
160
-132
-252
248
412
-372
132
-128
-28
-40
-4
124
-212
-100
260
316
264
-564
-272
48
268
-332
460
-216
-200
344
-24
324
-492
172
-76
40
-232
-12
-112
140
20
588
-84
-100
-56
-312
-88
-180
180
132
-184
404
76
-72
228
-256
-132
-256
268
-460
104
540
-32
-4
168
-300
-96
-220
308
16
-12
52
-76
56
-380
260
336
-384
356
-284
-208
396
-24
-80
52
-88
-408
332
-192
396
16
32
116
-64
-344
-244
-128
380
208
256
-88
-384
-8
-8
240
-60
-360
68
388
80
152
-448
-72
36
-204
288
108
-256
204
-140
392
20
-264
112
-380
-204
404
-296
256
104
88
-64
240
240
-292
-404
-472
348
-388
636
188
124
200
-128
-208
-44
-348
-260
300
28
-56
368
148
-212
52
40
100
-436
-64
232
-268
56
348
-96
68
-152
-144
388
32
-464
152
180
56
0
-196
-228
392
-472
-60
140
120
432
-472
88
524
-196
-260
-292
80
-140
-64
264
316
180
-120
-120
-148
16
-284
96
76
-156
288
436
-272
-456
324
-84
-204
156
308
-204
-224
336
-156
-112
144
168
-248
-120
360
-200
-116
112
-36
196
160
-288
92
-176
-468
304
372
-152
572
-360
-212
-56
-276
248
196
84
-272
-48
152
204
-256
128
-148
104
-4
108
-76
-152
-148
16
196
216
-32
192
-196
-304
-192
-20
520
12
-156
32
372
-484
-144
-248
352
212
216
-108
-116
-228
-12
272
-544
388
-12
-16
168
32
200
-264
-272
-188
168
336
-76
-68
-96
180
4
48
-80
-148
-216
48
420
120
-136
-136
-40
-260
260
-144
-16
592
-124
-84
-144
-292
-172
200
312
152
-112
-264
116
88
80
-20
-452
52
212
60
384
-240
-344
76
84
148
-212
120
-40
-20
180
-8
-140
-288
140
260
172
-516
448
-212
96
-264
-72
448
-232
192
-392
144
300
-128
-188
216
-372
188
84
-24
-120
292
156
-348
4
-272
52
64
544
-132
-372
220
-44
-16
-328
308
-44
44
76
28
-48
-104
228
-256
-108
-336
480
388
-68
-32
-36
-460
-48
-8
156
188
156
-224
120
164
-104
24
-356
92
-288
-28
412
96
160
268
-584
160
-124
-292
292
-132
-308
364
484
32
-176
-484
-192
328
420
-96
-360
-100
-24
340
96
-100
-76
-68
76
-8
-24
-88
260
-52
-92
96
-272
-64
116
100
32
120
560
-548
-280
-240
-48
424
264
-284
108
-80
28
260
-444
208
-16
8
-48
-104
-88
116
128
172
-224
196
-424
356
8
-244
168
-248
280
-212
172
-188
160
292
-332
-308
496
88
-264
120
-204
-176
-112
252
432
-44
-304
104
140
-76
-228
-8
-156
-144
400
164
320
-396
-324
120
104
220
-132
-116
24
-16
-28
-324
224
424
-144
-28
88
92
-208
-264
-200
252
132
4
-72
156
332
-176
-264
88
-168
-60
84
-32
200
4
-308
364
24
172
-324
-140
148
-252
224
-184
404
-68
-84
-240
220
-96
104
68
160
-136
-444
160
84
8
116
96
-140
-60
-56
352
-84
-168
-88
112
-216
168
-104
264
-108
-316
284
484
-264
-212
128
-336
-152
188
-8
28
344
168
-176
-144
340
-544
24
-324
132
268
488
-288
-188
92
-300
384
24
144
-272
-300
-32
76
220
-72
108
256
-52
112
-608
136
104
-124
140
-140
-60
352
188
-544
96
492
-188
-52
-428
20
360
-88
-204
184
176
-36
-12
-264
348
-28
-64
-232
-88
128
12
-136
340
216
-360
-128
440
-84
-304
-8
20
-32
-16
20
344
-268
56
132
-76
16
-124
280
-588
360
-300
160
316
-56
-136
-284
260
328
-44
44
-368
-208
-136
12
436
-124
368
124
-168
-304
308
-312
-400
68
200
420
52
-164
28
-152
36
-20
92
-228
44
52
128
-224
156
88
-252
452
-228
-124
-4
384
-568
180
-164
4
312
40
224
-132
-84
-296
-84
-168
248
216
212
180
-288
-280
-96
272
-212
116
144
-396
332
-168
444
16
-140
-172
-124
-64
-328
480
-88
180
432
-412
-16
184
-504
132
20
244
-208
-280
132
264
568
-404
-120
-260
60
-8
-64
244
-24
-20
24
-44
40
-56
4
12
-80
348
-304
308
-260
-292
32
-8
244
-60
580
64
-372
-456
-224
320
172
-132
340
-208
56
72
-296
160
8
104
-224
-16
200
216
-396
28
-60
-84
292
-88
8
232
-16
8
-152
-312
184
-296
356
-228
132
504
-168
-236
84
-32
172
-300
-380
308
52
112
-128
164
104
120
-140
68
-160
-228
-184
392
-20
-428
268
280
168
164
-128
-296
-256
-32
180
-64
40
-104
224
168
-156
-80
468
-4
-468
-48
-80
-344
96
372
316
132
-276
80
-44
-180
-184
120
60
-116
40
-228
312
256
-44
272
40
-616
-272
-284
428
236
288
96
-292
160
-296
-204
148
384
-548
272
-184
-76
592
36
-44
-64
-632
-156
436
224
-252
160
200
-144
336
-220
-508
-184
608
-292
20
228
268
-232
-80
56
-300
-88
356
348
-412
68
-268
-32
20
252
116
-48
68
108
-100
-424
140
-332
200
520
-112
-88
-20
-128
-8
248
-8
-32
-308
84
-68
-4
96
-52
244
72
292
-404
-76
-112
-104
124
-240
252
188
148
-220
12
-16
24
64
4
-128
-324
-92
164
532
156
-432
76
4
-164
28
-100
172
160
-152
-332
296
-144
260
232
-172
-272
136
-28
-360
280
168
112
-328
60
264
-272
68
128
8
-36
-436
172
344
-56
-36
-72
-128
100
-68
396
-120
-452
240
88
-308
204
176
20
-116
36
0
-164
148
-196
28
-176
292
192
48
192
-316
-356
24
-240
252
280
148
36
-72
-208
-32
92
-316
160
48
152
-148
304
-280
-220
316
-120
280
-76
-172
-196
108
208
52
-304
-68
224
116
-16
52
48
-316
68
-124
116
40
-104
188
240
-260
-212
236
-88
-12
8
60
300
-512
-180
312
68
160
-32
-76
-80
-36
64
-172
-84
436
-68
-48
-100
-108
52
92
-44
-92
-56
372
220
-268
-232
-88
-284
264
240
160
28
-216
24
-24
248
-500
116
-48
48
88
4
164
-16
132
-132
-180
-164
4
4
220
300
-276
24
-192
332
-64
-400
96
-20
376
-188
12
80
172
-40
-412
-236
408
-52
-140
112
336
200
-104
-224
-400
-40
216
-184
36
324
168
264
-572
200
-96
-228
392
-472
-60
140
120
432
-472
88
524
-196
-260
-292
80
-140
-64
264
316
180
-120
-120
-148
16
-284
96
76
-156
288
436
-272
-456
324
-84
-204
156
308
-204
-224
336
-156
-112
144
168
-248
-120
360
-200
-116
112
-36
196
160
-288
92
-176
-468
304
372
-152
572
-360
-212
-56
-276
248
196
84
-272
-48
152
204
-256
128
-148
104
-4
108
-76
-152
-148
16
196
216
-32
192
-196
-304
-192
-20
520
12
-156
32
372
-484
-144
-248
352
212
216
-108
-116
-228
-12
272
-544
388
-12
-16
168
32
200
-264
-272
-188
168
336
-76
-68
-96
180
4
48
-80
-148
-216
48
420
120
-136
-136
-40
-260
260
-144
-16
592
-124
-84
-144
-292
-172
200
312
152
-112
-264
116
88
80
-20
-452
52
212
60
384
-240
-344
76
84
148
-212
120
-40
-20
180
-8
-140
-288
140
260
172
-516
448
-212
96
-264
-72
448
-232
192
-392
144
300
-128
-188
216
-372
188
84
-24
-120
292
156
-348
4
-272
52
64
544
-132
-372
220
-44
-16
-328
308
-44
44
76
28
-48
-104
228
-256
-108
-336
480
388
-68
-32
-36
-460
-48
-8
156
188
156
-224
120
164
-104
24
-356
92
-288
-28
412
96
160
268
-584
160
-124
-292
292
-132
-308
364
484
32
-176
-484
-192
328
420
-96
-360
-100
-24
340
96
-100
-76
-68
76
-8
-24
-88
260
-52
-92
96
-272
-64
116
100
32
120
560
-548
-280
-240
-48
424
264
-284
108
-80
28
260
-444
208
-16
8
-48
-104
-88
116
128
172
-224
196
-424
356
8
-244
168
-248
280
-212
172
-188
160
292
-332
-308
496
88
-264
120
-204
-176
-112
252
432
-44
-304
104
140
-76
-228
-8
-156
-144
400
164
320
-396
-324
120
104
220
-132
-116
24
-16
-28
-324
224
424
-144
-28
88
92
-208
-264
-200
252
132
4
-72
156
332
-176
-264
88
-168
-60
84
-32
200
4
-308
364
24
172
-324
-140
148
-252
224
-184
404
-68
-84
-240
220
-96
104
68
160
-136
-444
160
84
8
116
96
-140
-60
-56
352
-84
-168
-88
112
-216
168
-104
264
-108
-316
284
484
-264
-212
128
-336
-152
188
-8
28
344
168
-176
-144
340
-544
24
-324
132
268
488
-288
-188
92
-300
384
24
144
-272
-300
-32
76
220
-72
108
256
-52
112
-608
136
104
-124
140
-140
-60
-36
-152
44
80
360
56
-124
-160
-208
36
-208
492
-132
-104
-20
48
224
40
-164
-96
248
-372
248
-340
-152
332
-72
668
-88
-276
-152
-284
116
-100
296
52
-132
352
-268
-308
252
148
-12
-76
84
-260
-80
264
72
-312
-116
564
-36
32
-172
-396
12
252
416
-180
-376
-44
100
224
20
4
-52
132
-124
-512
220
252
-76
308
40
-252
-196
68
-172
56
512
-200
-144
-24
164
-300
76
336
-120
-180
-140
80
256
-40
-76
-24
28
-8
28
-88
76
224
-588
88
220
224
-48
-4
-140
32
12
-172
40
-44
192
-308
204
612
-392
-368
168
-52
-56
156
16
-20
52
-220
80
184
144
-156
-96
-160
-64
-20
216
204
84
-92
-352
360
-140
-456
48
196
428
192
-488
152
-12
-184
-160
12
156
48
204
-216
72
24
120
84
-348
-376
104
392
280
-168
-292
136
128
4
-260
-76
304
16
-340
96
416
-112
-88
-164
-256
112
356
72
88
-96
-512
84
300
-28
-124
196
-56
-232
-124
496
-24
32
-192
28
-172
-140
256
-196
244
-68
340
-236
44
-524
548
-16
-296
416
-276
-260
-28
492
-400
332
244
-84
-300
-24
-24
-96
40
-156
-44
552
164
-52
-208
-328
192
-340
216
108
68
264
-196
-320
24
-32
268
212
-208
72
-28
-104
-268
100
120
-172
184
48
296
260
-640
52
-224
-148
144
384
0
-88
184
-292
-44
-96
364
28
-296
-184
240
-180
580
-244
-312
200
-84
216
-64
-184
28
160
-132
-252
248
412
-372
132
-128
-28
-40
-4
124
-212
-100
260
316
264
-564
-272
48
268
-332
460
-216
-200
344
-24
324
-492
172
-76
40
-232
-12
-112
140
20
588
-84
-100
-56
-312
-88
-180
180
132
-184
404
76
-72
228
-256
-132
-256
268
-460
104
540
-32
-4
168
-300
-96
-220
308
16
-12
52
-76
56
-380
260
336
-384
356
-284
-208
396
-24
-80
52
-88
-408
332
-192
396
16
32
116
-64
-344
-244
-128
380
208
256
-88
-384
-8
-8
240
-60
-360
68
388
80
152
-448
-72
36
-204
288
108
-256
204
-140
392
20
-264
112
-380
-204
404
-296
256
104
88
-64
240
240
-292
-404
-472
348
-388
636
188
124
200
-128
-208
-44
-348
-260
300
28
-56
368
148
-212
52
40
100
-436
-64
232
-268
56
348
-96
68
-152
-144
388
32
-464
152
180
56
0
-196
-376
-200
660
-208
720
-96
-456
116
-296
236
-596
332
16
356
-292
108
424
-328
-24
28
-136
-332
436
-56
-232
236
-64
-28
264
28
-84
-168
196
-300
52
4
-140
40
292
-72
328
-308
-220
352
-204
-16
-96
132
40
-64
-112
0
100
476
-236
-32
-344
-160
188
-56
392
-28
-124
200
-120
-208
-60
-288
92
736
-364
44
320
-244
-108
-164
-308
-24
476
-48
164
24
124
104
-392
-364
52
4
476
-144
-128
320
-200
-52
4
32
108
-164
-56
216
-20
-252
-244
96
480
268
-304
-148
-104
56
-40
44
44
84
-20
-352
32
412
-56
-124
212
-16
-180
-128
-20
216
-168
-132
404
-104
-96
196
-212
-84
104
184
144
-296
-80
80
-316
-204
516
188
56
-64
64
8
-440
128
-172
64
148
-360
84
296
500
-16
-212
-84
-200
-212
-276
52
220
68
352
228
-24
100
-412
-72
-344
-236
304
160
100
128
132
-92
16
12
-112
-196
-120
-40
128
8
324
4
-224
-28
264
16
-192
-84
56
-28
-256
204
-76
396
-132
-140
216
112
-176
-220
-168
188
136
-76
108
8
-48
-184
240
-64
220
-244
-100
152
-8
-24
-352
196
132
16
324
-160
-128
-36
28
-252
188
-84
-68
208
-12
208
-84
-52
-216
16
256
180
-684
56
260
120
12
68
-48
-8
-204
-84
252
-32
168
-300
-152
116
108
128
-24
-124
272
-20
-312
-56
56
208
-64
-368
144
352
112
-188
-36
-256
464
-204
-104
-296
68
416
-216
180
-120
204
-8
-100
-144
56
-456
188
308
244
-392
384
20
-688
200
244
156
-104
-40
-172
-16
-240
212
264
392
-164
-376
-296
192
80
32
-16
148
188
-284
-148
-16
96
-48
304
-228
188
-8
-192
-104
-32
100
152
-120
-176
300
296
-24
-436
-152
-208
460
28
4
184
-148
-232
36
168
-20
52
-140
4
-156
392
-108
-200
232
-288
108
56
-32
112
60
136
-220
-264
-108
200
276
-236
140
156
-248
264
-360
-76
140
100
-24
-92
120
-308
480
-60
-104
-192
-160
336
164
-192
-244
208
16
-28
124
76
-260
20
68
-208
0
264
320
92
-860
112
320
-284
220
68
412
-612
-40
192
128
-224
-16
300
-260
120
-368
336
28
0
-40
40
216
-260
-84
-224
276
152
-388
256
76
68
108
-52
-276
-8
20
-124
-88
36
564
-32
72
-136
-252
-312
-36
244
240
-32
68
-52
-268
308
76
-116
-128
-224
12
116
340
72
-440
272
24
-108
-168
-108
372
80
4
-256
-272
-68
292
408
160
-328
-204
-84
-60
280
-88
-132
-76
80
264
440
-404
-140
-108
-116
40
-332
396
632
-336
-264
292
-316
-224
136
264
-52
216
-164
-124
-176
228
-244
44
260
68
268
-180
-232
-560
372
48
276
120
-156
-108
-200
52
396
-24
-340
-44
96
120
-96
256
-168
-196
-44
40
376
-88
-80
156
-268
84
-280
-12
164
104
504
-376
-200
-252
244
200
-68
172
-288
36
-8
-36
-152
44
80
360
56
-124
-160
-208
36
-208
492
-132
-104
-20
48
224
40
-164
-96
248
-372
248
-340
-152
332
-72
668
-88
-276
-152
-284
116
-100
296
52
-132
352
-268
-308
252
148
-12
-76
84
-260
-80
264
72
-312
-116
564
-36
32
-172
-396
12
252
416
-180
-376
-44
100
224
20
4
-52
132
-124
-512
220
252
-76
308
40
-252
-196
68
-172
56
512
-200
-144
-24
164
-300
76
336
-120
-180
-140
80
256
-40
-76
-24
28
-8
28
-88
76
224
-588
88
220
224
-48
-4
-140
32
12
-172
40
-44
192
-308
204
612
-392
-368
168
-52
-56
156
16
-20
52
-220
80
184
144
-156
-96
-160
-64
-20
216
204
84
-92
-352
360
-140
-456
48
196
428
192
-488
152
-12
-184
-160
12
156
48
204
-216
72
24
120
84
-348
-376
104
392
280
-168
-292
136
128
4
-260
-76
304
16
-340
96
416
-112
-88
-164
-256
112
356
72
88
-96
-512
84
300
-28
-124
196
-56
-232
-124
496
-24
32
-192
28
-172
-140
256
-196
244
-68
340
-236
44
-524
548
-16
-296
416
-276
-260
-28
492
-400
332
244
-84
-300
-24
-24
-96
40
-156
-44
552
164
-52
-208
-328
192
-340
216
108
68
264
-196
-320
24
-32
268
212
-208
72
-28
-104
-268
100
120
-172
184
48
296
260
-640
52
-224
-148
144
384
0
-88
184
-292
-44
-96
364
28
-296
-184
240
-180
580
-244
-312
200
-84
216
-64
-184
28
160
-132
-252
248
412
-372
132
-128
-28
-40
-4
124
-212
-100
260
316
264
-564
-272
48
268
-332
460
-216
-200
344
-24
324
-492
172
-76
40
-232
-12
-112
140
20
588
-84
-100
-56
-312
-88
-180
180
132
-184
404
76
-72
228
-256
-132
-256
268
-460
104
540
-32
-4
168
-300
-96
-220
308
16
-12
52
-76
56
-380
260
336
-384
356
-284
-208
396
-24
-80
52
-88
-408
332
-192
396
16
32
116
-64
-344
-244
-128
380
208
256
-88
-384
-8
-8
240
-60
-360
68
388
80
152
-448
-72
36
-204
288
108
-256
204
-140
392
20
-264
112
-380
-204
404
-296
256
104
88
-64
240
240
-292
-404
-472
348
-388
636
188
124
200
-128
-208
-44
-348
-260
300
28
-56
368
148
-212
52
40
100
-436
-64
232
-268
56
348
-96
68
-152
-144
388
32
-464
152
180
56
0
-196
-228
392
-472
-60
140
120
432
-472
88
524
-196
-260
-292
80
-140
-64
264
316
180
-120
-120
-148
16
-284
96
76
-156
288
436
-272
-456
324
-84
-204
156
308
-204
-224
336
-156
-112
144
168
-248
-120
360
-200
-116
112
-36
196
160
-288
92
-176
-468
304
372
-152
572
-360
-212
-56
-276
248
196
84
-272
-48
152
204
-256
128
-148
104
-4
108
-76
-152
-148
16
196
216
-32
192
-196
-304
-192
-20
520
12
-156
32
372
-484
-144
-248
352
212
216
-108
-116
-228
-12
272
-544
388
-12
-16
168
32
200
-264
-272
-188
168
336
-76
-68
-96
180
4
48
-80
-148
-216
48
420
120
-136
-136
-40
-260
260
-144
-16
592
-124
-84
-144
-292
-172
200
312
152
-112
-264
116
88
80
-20
-452
52
212
60
384
-240
-344
76
84
148
-212
120
-40
-20
180
-8
-140
-288
140
260
172
-516
448
-212
96
-264
-72
448
-232
192
-392
144
300
-128
-188
216
-372
188
84
-24
-120
292
156
-348
4
-272
52
64
544
-132
-372
220
-44
-16
-328
308
-44
44
76
28
-48
-104
228
-256
-108
-336
480
388
-68
-32
-36
-460
-48
-8
156
188
156
-224
120
164
-104
24
-356
92
-288
-28
412
96
160
268
-584
160
-124
-292
292
-132
-308
364
484
32
-176
-484
-192
328
420
-96
-360
-100
-24
340
96
-100
-76
-68
76
-8
-24
-88
260
-52
-92
96
-272
-64
116
100
32
120
560
-548
-280
-240
-48
424
264
-284
108
-80
28
260
-444
208
-16
8
-48
-104
-88
116
128
172
-224
196
-424
356
8
-244
168
-248
280
-212
172
-188
160
292
-332
-308
496
88
-264
120
-204
-176
-112
252
432
-44
-304
104
140
-76
-228
-8
-156
-144
400
164
320
-396
-324
120
104
220
-132
-116
24
-16
-28
-324
224
424
-144
-28
88
92
-208
-264
-200
252
132
4
-72
156
332
-176
-264
88
-168
-60
84
-32
200
4
-308
364
24
172
-324
-140
148
-252
224
-184
404
-68
-84
-240
220
-96
104
68
160
-136
-444
160
84
8
116
96
-140
-60
-56
352
-84
-168
-88
112
-216
168
-104
264
-108
-316
284
484
-264
-212
128
-336
-152
188
-8
28
344
168
-176
-144
340
-544
24
-324
132
268
488
-288
-188
92
-300
384
24
144
-272
-300
-32
76
220
-72
108
256
-52
112
-608
136
104
-124
140
-140
-60
352
188
-544
96
492
-188
-52
-428
20
360
-88
-204
184
176
-36
-12
-264
348
-28
-64
-232
-88
128
12
-136
340
216
-360
-128
440
-84
-304
-8
20
-32
-16
20
344
-268
56
132
-76
16
-124
280
-588
360
-300
160
316
-56
-136
-284
260
328
-44
44
-368
-208
-136
12
436
-124
368
124
-168
-304
308
-312
-400
68
200
420
52
-164
28
-152
36
-20
92
-228
44
52
128
-224
156
88
-252
452
-228
-124
-4
384
-568
180
-164
4
312
40
224
-132
-84
-296
-84
-168
248
216
212
180
-288
-280
-96
272
-212
116
144
-396
332
-168
444
16
-140
-172
-124
-64
-328
480
-88
180
432
-412
-16
184
-504
132
20
244
-208
-280
132
264
568
-404
-120
-260
60
-8
-64
244
-24
-20
24
-44
40
-56
4
12
-80
348
-304
308
-260
-292
32
-8
244
-60
580
64
-372
-456
-224
320
172
-132
340
-208
56
72
-296
160
8
104
-224
-16
200
216
-396
28
-60
-84
292
-88
8
232
-16
8
-152
-312
184
-296
356
-228
132
504
-168
-236
84
-32
172
-300
-380
308
52
112
-128
164
104
120
-140
68
-160
-228
-184
392
-20
-428
268
280
168
164
-128
-296
-256
-32
180
-64
40
-104
224
168
-156
-80
468
-4
-468
-48
-80
-344
96
372
316
132
-276
80
-44
-180
-184
120
60
-116
40
-228
312
256
-44
272
40
-616
-272
-284
428
236
288
96
-292
160
-296
-204
148
384
-548
272
-184
-76
592
36
-44
-64
-632
-156
436
224
-252
160
200
-144
336
-220
-508
-184
608
-292
20
228
268
-232
-80
56
-300
-88
356
348
-412
68
-268
-32
20
252
116
-48
68
108
-100
-424
140
-332
200
520
-112
-88
-20
-128
-8
248
-8
-32
-308
84
-68
-4
96
-52
244
72
292
-404
-76
-112
-104
124
-240
252
188
148
-220
12
-16
24
64
4
-128
-324
-92
164
532
156
-432
76
4
-164
28
-100
172
160
-152
-332
296
-144
260
232
-172
-272
136
-28
-360
280
168
112
-328
60
264
-272
68
128
8
-36
-436
172
344
-56
-36
-72
-128
100
-68
396
-120
-452
240
88
-308
204
176
20
-116
36
0
-164
148
-196
28
-176
292
192
48
192
-316
-356
24
-240
252
280
148
36
-72
-208
-32
92
-316
160
48
152
-148
304
-280
-220
316
-120
280
-76
-172
-196
108
208
52
-304
-68
224
116
-16
52
48
-316
68
-124
116
40
-104
188
240
-260
-212
236
-88
-12
8
60
300
-512
-180
312
68
160
-32
-76
-80
-36
64
-172
-84
436
-68
-48
-100
-108
52
92
-44
-92
-56
372
220
-268
-232
-88
-284
264
240
160
28
-216
24
-24
248
-500
116
-48
48
88
4
164
-16
132
-132
-180
-164
4
4
220
300
-276
24
-192
332
-64
-400
96
-20
376
-188
12
80
172
-40
-412
-236
408
-52
-140
112
336
200
-104
-224
-400
-40
216
-184
36
324
168
264
-572
200
-96
-228
392
-472
-60
140
120
432
-472
88
524
-196
-260
-292
80
-140
-64
264
316
180
-120
-120
-148
16
-284
96
76
-156
288
436
-272
-456
324
-84
-204
156
308
-204
-224
336
-156
-112
144
168
-248
-120
360
-200
-116
112
-36
196
160
-288
92
-176
-468
304
372
-152
572
-360
-212
-56
-276
248
196
84
-272
-48
152
204
-256
128
-148
104
-4
108
-76
-152
-148
16
196
216
-32
192
-196
-304
-192
-20
520
12
-156
32
372
-484
-144
-248
352
212
216
-108
-116
-228
-12
272
-544
388
-12
-16
168
32
200
-264
-272
-188
168
336
-76
-68
-96
180
4
48
-80
-148
-216
48
420
120
-136
-136
-40
-260
260
-144
-16
592
-124
-84
-144
-292
-172
200
312
152
-112
-264
116
88
80
-20
-452
52
212
60
384
-240
-344
76
84
148
-212
120
-40
-20
180
-8
-140
-288
140
260
172
-516
448
-212
96
-264
-72
448
-232
192
-392
144
300
-128
-188
216
-372
188
84
-24
-120
292
156
-348
4
-272
52
64
544
-132
-372
220
-44
-16
-328
308
-44
44
76
28
-48
-104
228
-256
-108
-336
480
388
-68
-32
-36
-460
-48
-8
156
188
156
-224
120
164
-104
24
-356
92
-288
-28
412
96
160
268
-584
160
-124
-292
292
-132
-308
364
484
32
-176
-484
-192
328
420
-96
-360
-100
-24
340
96
-100
-76
-68
76
-8
-24
-88
260
-52
-92
96
-272
-64
116
100
32
120
560
-548
-280
-240
-48
424
264
-284
108
-80
28
260
-444
208
-16
8
-48
-104
-88
116
128
172
-224
196
-424
356
8
-244
168
-248
280
-212
172
-188
160
292
-332
-308
496
88
-264
120
-204
-176
-112
252
432
-44
-304
104
140
-76
-228
-8
-156
-144
400
164
320
-396
-324
120
104
220
-132
-116
24
-16
-28
-324
224
424
-144
-28
88
92
-208
-264
-200
252
132
4
-72
156
332
-176
-264
88
-168
-60
84
-32
200
4
-308
364
24
172
-324
-140
148
-252
224
-184
404
-68
-84
-240
220
-96
104
68
160
-136
-444
160
84
8
116
96
-140
-60
-56
352
-84
-168
-88
112
-216
168
-104
264
-108
-316
284
484
-264
-212
128
-336
-152
188
-8
28
344
168
-176
-144
340
-544
24
-324
132
268
488
-288
-188
92
-300
384
24
144
-272
-300
-32
76
220
-72
108
256
-52
112
-608
136
104
-124
140
-140
-60
-36
-152
44
80
360
56
-124
-160
-208
36
-208
492
-132
-104
-20
48
224
40
-164
-96
248
-372
248
-340
-152
332
-72
668
-88
-276
-152
-284
116
-100
296
52
-132
352
-268
-308
252
148
-12
-76
84
-260
-80
264
72
-312
-116
564
-36
32
-172
-396
12
252
416
-180
-376
-44
100
224
20
4
-52
132
-124
-512
220
252
-76
308
40
-252
-196
68
-172
56
512
-200
-144
-24
164
-300
76
336
-120
-180
-140
80
256
-40
-76
-24
28
-8
28
-88
76
224
-588
88
220
224
-48
-4
-140
32
12
-172
40
-44
192
-308
204
612
-392
-368
168
-52
-56
156
16
-20
52
-220
80
184
144
-156
-96
-160
-64
-20
216
204
84
-92
-352
360
-140
-456
48
196
428
192
-488
152
-12
-184
-160
12
156
48
204
-216
72
24
120
84
-348
-376
104
392
280
-168
-292
136
128
4
-260
-76
304
16
-340
96
416
-112
-88
-164
-256
112
356
72
88
-96
-512
84
300
-28
-124
196
-56
-232
-124
496
-24
32
-192
28
-172
-140
256
-196
244
-68
340
-236
44
-524
548
-16
-296
416
-276
-260
-28
492
-400
332
244
-84
-300
-24
-24
-96
40
-156
-44
552
164
-52
-208
-328
192
-340
216
108
68
264
-196
-320
24
-32
268
212
-208
72
-28
-104
-268
100
120
-172
184
48
296
260
-640
52
-224
-148
144
384
0
-88
184
-292
-44
-96
364
28
-296
-184
240
-180
580
-244
-312
200
-84
216
-64
-184
28
160
-132
-252
248
412
-372
132
-128
-28
-40
-4
124
-212
-100
260
316
264
-564
-272
48
268
-332
460
-216
-200
344
-24
324
-492
172
-76
40
-232
-12
-112
140
20
588
-84
-100
-56
-312
-88
-180
180
132
-184
404
76
-72
228
-256
-132
-256
268
-460
104
540
-32
-4
168
-300
-96
-220
308
16
-12
52
-76
56
-380
260
336
-384
356
-284
-208
396
-24
-80
52
-88
-408
332
-192
396
16
32
116
-64
-344
-244
-128
380
208
256
-88
-384
-8
-8
240
-60
-360
68
388
80
152
-448
-72
36
-204
288
108
-256
204
-140
392
20
-264
112
-380
-204
404
-296
256
104
88
-64
240
240
-292
-404
-472
348
-388
636
188
124
200
-128
-208
-44
-348
-260
300
28
-56
368
148
-212
52
40
100
-436
-64
232
-268
56
348
-96
68
-152
-144
388
32
-464
152
180
56
0
-196
-376
-200
660
-208
720
-96
-456
116
-296
236
-596
332
16
356
-292
108
424
-328
-24
28
-136
-332
436
-56
-232
236
-64
-28
264
28
-84
-168
196
-300
52
4
-140
40
292
-72
328
-308
-220
352
-204
-16
-96
132
40
-64
-112
0
100
476
-236
-32
-344
-160
188
-56
392
-28
-124
200
-120
-208
-60
-288
92
736
-364
44
320
-244
-108
-164
-308
-24
476
-48
164
24
124
104
-392
-364
52
4
476
-144
-128
320
-200
-52
4
32
108
-164
-56
216
-20
-252
-244
96
480
268
-304
-148
-104
56
-40
44
44
84
-20
-352
32
412
-56
-124
212
-16
-180
-128
-20
216
-168
-132
404
-104
-96
196
-212
-84
104
184
144
-296
-80
80
-316
-204
516
188
56
-64
64
8
-440
128
-172
64
148
-360
84
296
500
-16
-212
-84
-200
-212
-276
52
220
68
352
228
-24
100
-412
-72
-344
-236
304
160
100
128
132
-92
16
12
-112
-196
-120
-40
128
8
324
4
-224
-28
264
16
-192
-84
56
-28
-256
204
-76
396
-132
-140
216
112
-176
-220
-168
188
136
-76
108
8
-48
-184
240
-64
220
-244
-100
152
-8
-24
-352
196
132
16
324
-160
-128
-36
28
-252
188
-84
-68
208
-12
208
-84
-52
-216
16
256
180
-684
56
260
120
12
68
-48
-8
-204
-84
252
-32
168
-300
-152
116
108
128
-24
-124
272
-20
-312
-56
56
208
-64
-368
144
352
112
-188
-36
-256
464
-204
-104
-296
68
416
-216
180
-120
204
-8
-100
-144
56
-456
188
308
244
-392
384
20
-688
200
244
156
-104
-40
-172
-16
-240
212
264
392
-164
-376
-296
192
80
32
-16
148
188
-284
-148
-16
96
-48
304
-228
188
-8
-192
-104
-32
100
152
-120
-176
300
296
-24
-436
-152
-208
460
28
4
184
-148
-232
36
168
-20
52
-140
4
-156
392
-108
-200
232
-288
108
56
-32
112
60
136
-220
-264
-108
200
276
-236
140
156
-248
264
-360
-76
140
100
-24
-92
120
-308
480
-60
-104
-192
-160
336
164
-192
-244
208
16
-28
124
76
-260
20
68
-208
0
264
320
92
-860
112
320
-284
220
68
412
-612
-40
192
128
-224
-16
300
-260
120
-368
336
28
0
-40
40
216
-260
-84
-224
276
152
-388
256
76
68
108
-52
-276
-8
20
-124
-88
36
564
-32
72
-136
-252
-312
-36
244
240
-32
68
-52
-268
308
76
-116
-128
-224
12
116
340
72
-440
272
24
-108
-168
-108
372
80
4
-256
-272
-68
292
408
160
-328
-204
-84
-60
280
-88
-132
-76
80
264
440
-404
-140
-108
-116
40
-332
396
632
-336
-264
292
-316
-224
136
264
-52
216
-164
-124
-176
228
-244
44
260
68
268
-180
-232
-560
372
48
276
120
-156
-108
-200
52
396
-24
-340
-44
96
120
-96
256
-168
-196
-44
40
376
-88
-80
156
-268
84
-280
-12
164
104
504
-376
-200
-252
244
200
-68
172
-288
36
-8
-36
-152
44
80
360
56
-124
-160
-208
36
-208
492
-132
-104
-20
48
224
40
-164
-96
248
-372
248
-340
-152
332
-72
668
-88
-276
-152
-284
116
-100
296
52
-132
352
-268
-308
252
148
-12
-76
84
-260
-80
264
72
-312
-116
564
-36
32
-172
-396
12
252
416
-180
-376
-44
100
224
20
4
-52
132
-124
-512
220
252
-76
308
40
-252
-196
68
-172
56
512
-200
-144
-24
164
-300
76
336
-120
-180
-140
80
256
-40
-76
-24
28
-8
28
-88
76
224
-588
88
220
224
-48
-4
-140
32
12
-172
40
-44
192
-308
204
612
-392
-368
168
-52
-56
156
16
-20
52
-220
80
184
144
-156
-96
-160
-64
-20
216
204
84
-92
-352
360
-140
-456
48
196
428
192
-488
152
-12
-184
-160
12
156
48
204
-216
72
24
120
84
-348
-376
104
392
280
-168
-292
136
128
4
-260
-76
304
16
-340
96
416
-112
-88
-164
-256
112
356
72
88
-96
-512
84
300
-28
-124
196
-56
-232
-124
496
-24
32
-192
28
-172
-140
256
-196
244
-68
340
-236
44
-524
548
-16
-296
416
-276
-260
-28
492
-400
332
244
-84
-300
-24
-24
-96
40
-156
-44
552
164
-52
-208
-328
192
-340
216
108
68
264
-196
-320
24
-32
268
212
-208
72
-28
-104
-268
100
120
-172
184
48
296
260
-640
52
-224
-148
144
384
0
-88
184
-292
-44
-96
364
28
-296
-184
240
-180
580
-244
-312
200
-84
216
-64
-184
28
160
-132
-252
248
412
-372
132
-128
-28
-40
-4
124
-212
-100
260
316
264
-564
-272
48
268
-332
460
-216
-200
344
-24
324
-492
172
-76
40
-232
-12
-112
140
20
588
-84
-100
-56
-312
-88
-180
180
132
-184
404
76
-72
228
-256
-132
-256
268
-460
104
540
-32
-4
168
-300
-96
-220
308
16
-12
52
-76
56
-380
260
336
-384
356
-284
-208
396
-24
-80
52
-88
-408
332
-192
396
16
32
116
-64
-344
-244
-128
380
208
256
-88
-384
-8
-8
240
-60
-360
68
388
80
152
-448
-72
36
-204
288
108
-256
204
-140
392
20
-264
112
-380
-204
404
-296
256
104
88
-64
240
240
-292
-404
-472
348
-388
636
188
124
200
-128
-208
-44
-348
-260
300
28
-56
368
148
-212
52
40
100
-436
-64
232
-268
56
348
-96
68
-152
-144
388
32
-464
152
180
56
0
-196
-228
392
-472
-60
140
120
432
-472
88
524
-196
-260
-292
80
-140
-64
264
316
180
-120
-120
-148
16
-284
96
76
-156
288
436
-272
-456
324
-84
-204
156
308
-204
-224
336
-156
-112
144
168
-248
-120
360
-200
-116
112
-36
196
160
-288
92
-176
-468
304
372
-152
572
-360
-212
-56
-276
248
196
84
-272
-48
152
204
-256
128
-148
104
-4
108
-76
-152
-148
16
196
216
-32
192
-196
-304
-192
-20
520
12
-156
32
372
-484
-144
-248
352
212
216
-108
-116
-228
-12
272
-544
388
-12
-16
168
32
200
-264
-272
-188
168
336
-76
-68
-96
180
4
48
-80
-148
-216
48
420
120
-136
-136
-40
-260
260
-144
-16
592
-124
-84
-144
-292
-172
200
312
152
-112
-264
116
88
80
-20
-452
52
212
60
384
-240
-344
76
84
148
-212
120
-40
-20
180
-8
-140
-288
140
260
172
-516
448
-212
96
-264
-72
448
-232
192
-392
144
300
-128
-188
216
-372
188
84
-24
-120
292
156
-348
4
-272
52
64
544
-132
-372
220
-44
-16
-328
308
-44
44
76
28
-48
-104
228
-256
-108
-336
480
388
-68
-32
-36
-460
-48
-8
156
188
156
-224
120
164
-104
24
-356
92
-288
-28
412
96
160
268
-584
160
-124
-292
292
-132
-308
364
484
32
-176
-484
-192
328
420
-96
-360
-100
-24
340
96
-100
-76
-68
76
-8
-24
-88
260
-52
-92
96
-272
-64
116
100
32
120
560
-548
-280
-240
-48
424
264
-284
108
-80
28
260
-444
208
-16
8
-48
-104
-88
116
128
172
-224
196
-424
356
8
-244
168
-248
280
-212
172
-188
160
292
-332
-308
496
88
-264
120
-204
-176
-112
252
432
-44
-304
104
140
-76
-228
-8
-156
-144
400
164
320
-396
-324
120
104
220
-132
-116
24
-16
-28
-324
224
424
-144
-28
88
92
-208
-264
-200
252
132
4
-72
156
332
-176
-264
88
-168
-60
84
-32
200
4
-308
364
24
172
-324
-140
148
-252
224
-184
404
-68
-84
-240
220
-96
104
68
160
-136
-444
160
84
8
116
96
-140
-60
-56
352
-84
-168
-88
112
-216
168
-104
264
-108
-316
284
484
-264
-212
128
-336
-152
188
-8
28
344
168
-176
-144
340
-544
24
-324
132
268
488
-288
-188
92
-300
384
24
144
-272
-300
-32
76
220
-72
108
256
-52
112
-608
136
104
-124
140
-140
-60
352
188
-544
96
492
-188
-52
-428
20
360
-88
-204
184
176
-36
-12
-264
348
-28
-64
-232
-88
128
12
-136
340
216
-360
-128
440
-84
-304
-8
20
-32
-16
20
344
-268
56
132
-76
16
-124
280
-588
360
-300
160
316
-56
-136
-284
260
328
-44
44
-368
-208
-136
12
436
-124
368
124
-168
-304
308
-312
-400
68
200
420
52
-164
28
-152
36
-20
92
-228
44
52
128
-224
156
88
-252
452
-228
-124
-4
384
-568
180
-164
4
312
40
224
-132
-84
-296
-84
-168
248
216
212
180
-288
-280
-96
272
-212
116
144
-396
332
-168
444
16
-140
-172
-124
-64
-328
480
-88
180
432
-412
-16
184
-504
132
20
244
-208
-280
132
264
568
-404
-120
-260
60
-8
-64
244
-24
-20
24
-44
40
-56
4
12
-80
348
-304
308
-260
-292
32
-8
244
-60
580
64
-372
-456
-224
320
172
-132
340
-208
56
72
-296
160
8
104
-224
-16
200
216
-396
28
-60
-84
292
-88
8
232
-16
8
-152
-312
184
-296
356
-228
132
504
-168
-236
84
-32
172
-300
-380
308
52
112
-128
164
104
120
-140
68
-160
-228
-184
392
-20
-428
268
280
168
164
-128
-296
-256
-32
180
-64
40
-104
224
168
-156
-80
468
-4
-468
-48
-80
-344
96
372
316
132
-276
80
-44
-180
-184
120
60
-116
40
-228
312
256
-44
272
40
-616
-272
-284
428
236
288
96
-292
160
-296
-204
148
384
-548
272
-184
-76
592
36
-44
-64
-632
-156
436
224
-252
160
200
-144
336
-220
-508
-184
608
-292
20
228
268
-232
-80
56
-300
-88
356
348
-412
68
-268
-32
20
252
116
-48
68
108
-100
-424
140
-332
200
520
-112
-88
-20
-128
-8
248
-8
-32
-308
84
-68
-4
96
-52
244
72
292
-404
-76
-112
-104
124
-240
252
188
148
-220
12
-16
24
64
4
-128
-324
-92
164
532
156
-432
76
4
-164
28
-100
172
160
-152
-332
296
-144
260
232
-172
-272
136
-28
-360
280
168
112
-328
60
264
-272
68
128
8
-36
-436
172
344
-56
-36
-72
-128
100
-68
396
-120
-452
240
88
-308
204
176
20
-116
36
0
-164
148
-196
28
-176
292
192
48
192
-316
-356
24
-240
252
280
148
36
-72
-208
-32
92
-316
160
48
152
-148
304
-280
-220
316
-120
280
-76
-172
-196
108
208
52
-304
-68
224
116
-16
52
48
-316
68
-124
116
40
-104
188
240
-260
-212
236
-88
-12
8
60
300
-512
-180
312
68
160
-32
-76
-80
-36
64
-172
-84
436
-68
-48
-100
-108
52
92
-44
-92
-56
372
220
-268
-232
-88
-284
264
240
160
28
-216
24
-24
248
-500
116
-48
48
88
4
164
-16
132
-132
-180
-164
4
4
220
300
-276
24
-192
332
-64
-400
96
-20
376
-188
12
80
172
-40
-412
-236
408
-52
-140
112
336
200
-104
-224
-400
-40
216
-184
36
324
168
264
-572
200
-96
-228
392
-472
-60
140
120
432
-472
88
524
-196
-260
-292
80
-140
-64
264
316
180
-120
-120
-148
16
-284
96
76
-156
288
436
-272
-456
324
-84
-204
156
308
-204
-224
336
-156
-112
144
168
-248
-120
360
-200
-116
112
-36
196
160
-288
92
-176
-468
304
372
-152
572
-360
-212
-56
-276
248
196
84
-272
-48
152
204
-256
128
-148
104
-4
108
-76
-152
-148
16
196
216
-32
192
-196
-304
-192
-20
520
12
-156
32
372
-484
-144
-248
352
212
216
-108
-116
-228
-12
272
-544
388
-12
-16
168
32
200
-264
-272
-188
168
336
-76
-68
-96
180
4
48
-80
-148
-216
48
420
120
-136
-136
-40
-260
260
-144
-16
592
-124
-84
-144
-292
-172
200
312
152
-112
-264
116
88
80
-20
-452
52
212
60
384
-240
-344
76
84
148
-212
120
-40
-20
180
-8
-140
-288
140
260
172
-516
448
-212
96
-264
-72
448
-232
192
-392
144
300
-128
-188
216
-372
188
84
-24
-120
292
156
-348
4
-272
52
64
544
-132
-372
220
-44
-16
-328
308
-44
44
76
28
-48
-104
228
-256
-108
-336
480
388
-68
-32
-36
-460
-48
-8
156
188
156
-224
120
164
-104
24
-356
92
-288
-28
412
96
160
268
-584
160
-124
-292
292
-132
-308
364
484
32
-176
-484
-192
328
420
-96
-360
-100
-24
340
96
-100
-76
-68
76
-8
-24
-88
260
-52
-92
96
-272
-64
116
100
32
120
560
-548
-280
-240
-48
424
264
-284
108
-80
28
260
-444
208
-16
8
-48
-104
-88
116
128
172
-224
196
-424
356
8
-244
168
-248
280
-212
172
-188
160
292
-332
-308
496
88
-264
120
-204
-176
-112
252
432
-44
-304
104
140
-76
-228
-8
-156
-144
400
164
320
-396
-324
120
104
220
-132
-116
24
-16
-28
-324
224
424
-144
-28
88
92
-208
-264
-200
252
132
4
-72
156
332
-176
-264
88
-168
-60
84
-32
200
4
-308
364
24
172
-324
-140
148
-252
224
-184
404
-68
-84
-240
220
-96
104
68
160
-136
-444
160
84
8
116
96
-140
-60
-56
352
-84
-168
-88
112
-216
168
-104
264
-108
-316
284
484
-264
-212
128
-336
-152
188
-8
28
344
168
-176
-144
340
-544
24
-324
132
268
488
-288
-188
92
-300
384
24
144
-272
-300
-32
76
220
-72
108
256
-52
112
-608
136
104
-124
140
-140
-60
