637724086
664722419
692521906
715321406
735520949
756120475
777319925
803319704
833331033
856518545
883718589
905917705
930317214
953717169
977116454
998314034
1019715559.00000
1041315298.00000
1060114572.00000
1078914418.00000
1101113910.00000
1120913239.00000
1140312992.00000
1161512736.00000
1182711935.00000
1204311676.00000
1227309717.00000
1247911101.00000
1269110727.00000
1291310205.00000
1314109802.00000
1340709240.00000
1360909730.00000
1381907835.00000
1401307822.00000
1422507411.00000
1441507588.00000
1462304420.00000
1481106369.00000
1509706560.00000
1540703093.00000
1600903925.00000
1683270433.00000
1711201706.00000
1739244968.00000
1767374543.00000
1795519708.00000
1823839131.00000
1851961224.00000
1880099111.00000
1908114994.00000
1936073059.00000
1964339623.00000
1992220368.00000
2020507246.00000
2048824727.00000
2076918335.00000
2104969355.00000
2133027890.00000
2161089204.00000
2189216836.00000
2217235639.00000
2245832720.00000
2273906020.00000
2302282644.00000
2330401464.00000
2358522805.00000
2386662211.00000
2414741705.00000
2442881772.00000
2470820602.00000
2499047821.00000
2526934899.00000
2554999701.00000
2583127918.00000
2611321145.00000
2639208829.00000
2667335354.00000
2695366943.00000
2723666395.00000
2751535611.00000
2779613445.00000
2807695962.00000
2835994125.00000
2863856096.00000
2892008036.00000
2920087703.00000
2948201439.00000
2976580430.00000
3004702712.00000
3032829959.00000
3060864719.00000
3089057045.00000
3117188527.00000
3145517361.00000
3173545180.00000
3201746384.00000
3229770446.00000
3257815838.00000
3285853780.00000