637455578
664454467
692253996
715053522
735253085
755852632
777052104
803051909
833063268
856250803
883450875
905650012
930049548
953449525
976848833
998046436
1019447981.00000
1041047742.00000
1059847036.00000
1078646900.00000
1100846415.00000
1120645765.00000
1140045537.00000
1161245304.00000
1182444523.00000
1204044286.00000
1227042352.00000
1247643756.00000
1268843405.00000
1291042905.00000
1313842525.00000
1340441990.00000
1360642502.00000
1381640628.00000
1401040636.00000
1422240247.00000
1441240443.00000
1462037298.00000
1480839266.00000
1509439487.00000
1540436051.00000
1600636949.00000
1683003541.00000
1710934845.00000
1738978138.00000
1767107741.00000
1795252936.00000
1823572389.00000
1851694514.00000
1879832431.00000
1907848344.00000
1935806439.00000
1964073031.00000
1991953806.00000
2020240715.00000
2048558229.00000
2076651865.00000
2104702916.00000
2132761482.00000
2160822827.00000
2188950489.00000
2216969325.00000
2245566436.00000
2273639766.00000
2302016424.00000
2330135274.00000
2358256646.00000
2386396083.00000
2414475609.00000
2442615707.00000
2470554568.00000
2498781818.00000
2526668928.00000
2554733763.00000
2582862010.00000
2611055268.00000
2638942985.00000
2667069542.00000
2695101163.00000
2723400646.00000
2751269895.00000
2779347760.00000
2807430309.00000
2835728507.00000
2863590510.00000
2891742481.00000
2919822179.00000
2947935948.00000
2976314974.00000
3004437286.00000
3032564567.00000
3060599359.00000
3088791718.00000
3116923232.00000
3145252100.00000
3173279950.00000
3201481188.00000
3229505282.00000
3257550707.00000
3285588683.00000