637443609
664442498
692242027
715041553
735241116
755840663
777040135
803039940
833051299
856238834
883438906
905638043
930037579
953437556
976836864
998034467
1019436012.00000
1041035773.00000
1059835067.00000
1078634931.00000
1100834446.00000
1120633796.00000
1140033568.00000
1161233335.00000
1182432554.00000
1204032317.00000
1227030383.00000
1247631787.00000
1268831436.00000
1291030936.00000
1313830556.00000
1340430021.00000
1360630533.00000
1381628659.00000
1401028667.00000
1422228278.00000
1441228474.00000
1462025329.00000
1480827297.00000
1509427518.00000
1540424082.00000
1600624980.00000
1682991572.00000
1710922876.00000
1738966169.00000
1767095772.00000
1795240967.00000
1823560420.00000
1851682545.00000
1879820462.00000
1907836375.00000
1935794470.00000
1964061062.00000
1991941837.00000
2020228746.00000
2048546260.00000
2076639896.00000
2104690947.00000
2132749513.00000
2160810858.00000
2188938520.00000
2216957356.00000
2245554467.00000
2273627797.00000
2302004455.00000
2330123305.00000
2358244677.00000
2386384114.00000
2414463640.00000
2442603738.00000
2470542599.00000
2498769849.00000
2526656959.00000
2554721794.00000
2582850041.00000
2611043299.00000
2638931016.00000
2667057573.00000
2695089194.00000
2723388677.00000
2751257926.00000
2779335791.00000
2807418340.00000
2835716538.00000
2863578541.00000
2891730512.00000
2919810210.00000
2947923979.00000
2976303005.00000
3004425317.00000
3032552598.00000
3060587390.00000
3088779749.00000
3116911263.00000
3145240131.00000
3173267981.00000
3201469219.00000
3229493313.00000
3257538738.00000
3285576714.00000