637712117
664710450
692509937
715309437
735508980
756108506
777307956
803307735
833319064
856506576
883706620
905905736
930305245
953705200
977104485
998302065
1019703590.00000
1041303329.00000
1060102603.00000
1078902449.00000
1101101941.00000
1120901270.00000
1140301023.00000
1161500767.00000
1182699966.00000
1204299707.00000
1227297748.00000
1247899132.00000
1269098758.00000
1291298236.00000
1314097833.00000
1340697271.00000
1360897761.00000
1381895866.00000
1401295853.00000
1422495442.00000
1441495619.00000
1462292451.00000
1481094400.00000
1509694591.00000
1540691124.00000
1600891956.00000
1683258464.00000
1711189737.00000
1739232999.00000
1767362574.00000
1795507739.00000
1823827162.00000
1851949255.00000
1880087142.00000
1908103025.00000
1936061090.00000
1964327654.00000
1992208399.00000
2020495277.00000
2048812758.00000
2076906366.00000
2104957386.00000
2133015921.00000
2161077235.00000
2189204867.00000
2217223670.00000
2245820751.00000
2273894051.00000
2302270675.00000
2330389495.00000
2358510836.00000
2386650242.00000
2414729736.00000
2442869803.00000
2470808633.00000
2499035852.00000
2526922930.00000
2554987732.00000
2583115949.00000
2611309176.00000
2639196860.00000
2667323385.00000
2695354974.00000
2723654426.00000
2751523642.00000
2779601476.00000
2807683993.00000
2835982156.00000
2863844127.00000
2891996067.00000
2920075734.00000
2948189470.00000
2976568461.00000
3004690743.00000
3032817990.00000
3060852750.00000
3089045076.00000
3117176558.00000
3145505392.00000
3173533211.00000
3201734415.00000
3229758477.00000
3257803869.00000
3285841811.00000