637436564
664435441
692234967
715034494
735234057
755833608
777033078
803032883
833044242
856231774
883431849
905630986
930030522
953430497
976829807
998027407
1019428953.00000
1041028714.00000
1059828008.00000
1078627872.00000
1100827389.00000
1120626737.00000
1140026512.00000
1161226276.00000
1182425497.00000
1204025258.00000
1227023326.00000
1247624730.00000
1268824377.00000
1291023876.00000
1313823501.00000
1340422962.00000
1360623474.00000
1381621602.00000
1401021608.00000
1422221219.00000
1441221417.00000
1462018269.00000
1480820240.00000
1509420463.00000
1540417022.00000
1600617921.00000
1682984513.00000
1710915819.00000
1738959110.00000
1767088712.00000
1795233908.00000
1823553360.00000
1851675486.00000
1879813403.00000
1907829318.00000
1935787413.00000
1964054003.00000
1991934778.00000
2020221692.00000
2048539201.00000
2076632837.00000
2104683890.00000
2132742454.00000
2160803801.00000
2188931463.00000
2216950298.00000
2245547408.00000
2273620738.00000
2301997395.00000
2330116248.00000
2358237620.00000
2386377055.00000
2414456580.00000
2442596681.00000
2470535542.00000
2498762792.00000
2526649902.00000
2554714735.00000
2582842982.00000
2611036242.00000
2638923959.00000
2667050514.00000
2695082135.00000
2723381620.00000
2751250867.00000
2779328734.00000
2807411283.00000
2835709479.00000
2863571483.00000
2891723454.00000
2919803150.00000
2947916926.00000
2976295946.00000
3004418260.00000
3032545540.00000
3060580331.00000
3088772694.00000
3116904206.00000
3145233074.00000
3173260921.00000
3201462160.00000
3229486256.00000
3257531681.00000
3285569657.00000