637705053
664703390
692502880
715302373
735501916
756101448
777300896
803300672
833312001
856499516
883699563
905898673
930298188
953698136
977097425
998295007
1019696526.00000
1041296265.00000
1060095539.00000
1078895388.00000
1101094881.00000
1120894206.00000
1140293963.00000
1161493710.00000
1182692903.00000
1204292643.00000
1227290691.00000
1247892073.00000
1269091701.00000
1291291173.00000
1314090775.00000
1340690208.00000
1360890697.00000
1381888804.00000
1401288789.00000
1422488377.00000
1441488559.00000
1462285394.00000
1481087338.00000
1509687531.00000
1540684064.00000
1600884899.00000
1683251399.00000
1711182679.00000
1739225942.00000
1767355512.00000
1795500673.00000
1823820101.00000
1851942197.00000
1880080085.00000
1908095968.00000
1936054033.00000
1964320590.00000
1992201335.00000
2020488217.00000
2048805701.00000
2076899302.00000
2104950328.00000
2133008861.00000
2161070171.00000
2189197808.00000
2217216613.00000
2245813687.00000
2273886986.00000
2302263618.00000
2330382438.00000
2358503777.00000
2386643178.00000
2414722678.00000
2442862743.00000
2470801569.00000
2499028794.00000
2526915868.00000
2554980675.00000
2583108885.00000
2611302112.00000
2639189803.00000
2667316328.00000
2695347917.00000
2723647368.00000
2751516585.00000
2779594418.00000
2807676929.00000
2835975099.00000
2863837070.00000
2891989003.00000
2920068674.00000
2948182410.00000
2976561404.00000
3004683679.00000
3032810933.00000
3060845686.00000
3089038016.00000
3117169500.00000
3145498334.00000
3173526150.00000
3201727354.00000
3229751412.00000
3257796806.00000
3285834747.00000