0
637533385
664531745
692331261
715130782
735330345
755929892
777129363
803129168
833140527
856328062
883528135
905727272
930126807
953526784
976926093
998123696
1019525241.00000
1041125002.00000
1059924295.00000
1078724160.00000
1100923675.00000
1120723024.00000
1140122797.00000
1161322564.00000
1182521783.00000
1204121546.00000
1227119611.00000
1247721016.00000
1268920665.00000
1291120164.00000
1313919785.00000
1340519250.00000
1360719761.00000
1381717888.00000
1401117895.00000
1422317506.00000
1441317703.00000
1462114558.00000
1480916525.00000
1509516746.00000
1540513311.00000
1600714208.00000
1683080801.00000
1711012104.00000
1739055397.00000
1767185000.00000
1795330195.00000
1823649648.00000
1851771773.00000
1879909690.00000
1907925603.00000
1935883698.00000
1964150291.00000
1992031066.00000
2020317975.00000
2048635488.00000
2076729125.00000
2104780176.00000
2132838741.00000
2160900086.00000
2189027749.00000
2217046584.00000
2245643695.00000
2273717026.00000
2302093683.00000
2330212534.00000
2358333905.00000
2386473342.00000
2414552869.00000
2442692966.00000
2470631827.00000
2498859078.00000
2526746187.00000
2554811022.00000
2582939269.00000
2611132528.00000
2639020245.00000
2667146802.00000
2695178423.00000
2723477906.00000
2751347155.00000
2779425020.00000
2807507569.00000
2835805766.00000
2863667769.00000
2891819740.00000
2919899439.00000
2948013208.00000
2976392233.00000
3004514546.00000
3032641827.00000
3060676618.00000
3088868977.00000
3117000492.00000
3145329359.00000
3173357210.00000
3201558447.00000
3229582542.00000
3257627967.00000