637641080
664639942
692439443
715238946
735438489
756038016
777237467
803237246
833248575
856436086
883636131
905835246
930234757
953634710
977033995
998231576
1019633099.00000
1041232838.00000
1060032113.00000
1078831958.00000
1101031451.00000
1120830780.00000
1140230533.00000
1161430278.00000
1182629477.00000
1204229216.00000
1227227259.00000
1247828642.00000
1269028269.00000
1291227746.00000
1314027343.00000
1340626780.00000
1360827271.00000
1381825376.00000
1401225363.00000
1422424952.00000
1441425129.00000
1462221962.00000
1481023911.00000
1509624102.00000
1540620633.00000
1600821468.00000
1683187973.00000
1711119248.00000
1739162511.00000
1767292084.00000
1795437249.00000
1823756672.00000
1851878767.00000
1880016654.00000
1908032537.00000
1935990602.00000
1964257163.00000
1992137908.00000
2020424787.00000
2048742270.00000
2076835875.00000
2104886896.00000
2132945431.00000
2161006746.00000
2189134377.00000
2217153182.00000
2245750261.00000
2273823560.00000
2302200187.00000
2330319006.00000
2358440347.00000
2386579752.00000
2414659247.00000
2442799314.00000
2470738145.00000
2498965362.00000
2526852441.00000
2554917244.00000
2583045459.00000
2611238686.00000
2639126371.00000
2667252896.00000
2695284485.00000
2723583936.00000
2751453153.00000
2779530986.00000
2807613503.00000
2835911668.00000
2863773639.00000
2891925578.00000
2920005243.00000
2948118980.00000
2976497973.00000
3004620254.00000
3032747501.00000
3060782260.00000
3088974587.00000
3117106068.00000
3145434903.00000
3173462720.00000
3201663925.00000
3229687988.00000
3257733379.00000
3285771322.00000