649438935
677516365
705595553
733674617
761772008
789835594
817913660
845992742
874072361
902158932
930232176
958326078
986400703
1014470736.00000
1042550258.00000
1070643765.00000
1098709535.00000
1126788608.00000
1154885432.00000
1182948005.00000
1211028783.00000
1239107016.00000
1267188120.00000
1295266003.00000
1323345454.00000
1351446890.00000
1379503236.00000
1407587709.00000
1435664372.00000
1463739573.00000
1491822743.00000
1519902020.00000
1548001254.00000
1576060211.00000
1604140188.00000
1632220071.00000
1660302457.00000
1688378840.00000
1716458451.00000
1744562526.00000
1772619360.00000
1800698429.00000
1828775896.00000
1856855837.00000
1884934764.00000
1913015253.00000
1941115217.00000
1969174098.00000
1997252971.00000
2025334610.00000
2053413295.00000
2081492146.00000
2109569797.00000
2137674044.00000
2165730723.00000
2193810393.00000
2221889653.00000
2249968599.00000
2278048700.00000
2306128109.00000
2334228983.00000
2362287501.00000
2390369589.00000
2418446374.00000
2446526067.00000
2474607246.00000
2502684822.00000
2530790847.00000
2558846836.00000
2586925998.00000
2615003133.00000
2643081758.00000
2671161384.00000
2699244023.00000
2727343165.00000
2755400716.00000
2783487222.00000
2811561466.00000
2839638827.00000
2867718447.00000
2895800179.00000
2923903754.00000
2951957342.00000
2980036401.00000
3008115203.00000
3036196146.00000
3064278720.00000
3092355835.00000
3120434473.00000
3148514038.00000
3176594803.00000
3204680661.00000
3232762188.00000
3260832330.00000
3288911536.00000
3317016503.00000
3345072555.00000
3373149778.00000
3401228166.00000
3429308740.00000