650310542
678387525
706466781
734545923
762643397
790707066
818785214
846864379
874944081
903030735
931104060
959198046
987272753
1015342869.00000
1043422472.00000
1071516062.00000
1099581915.00000
1127661071.00000
1155757976.00000
1183820632.00000
1211901493.00000
1239979809.00000
1268060994.00000
1296138959.00000
1324218493.00000
1352320012.00000
1380376440.00000
1408460995.00000
1436537740.00000
1464613024.00000
1492696277.00000
1520775636.00000
1548874952.00000
1576933991.00000
1605014050.00000
1633094016.00000
1661176485.00000
1689252950.00000
1717332643.00000
1745436801.00000
1773493716.00000
1801572867.00000
1829650416.00000
1857730439.00000
1885809448.00000
1913890020.00000
1941990067.00000
1970049030.00000
1998127985.00000
2026209706.00000
2054288473.00000
2082367406.00000
2110445139.00000
2138549468.00000
2166606229.00000
2194685980.00000
2222765324.00000
2250844351.00000
2278924534.00000
2307004025.00000
2335104982.00000
2363163582.00000
2391245753.00000
2419322620.00000
2447402395.00000
2475483656.00000
2503561314.00000
2531667421.00000
2559723492.00000
2587802738.00000
2615879955.00000
2643958662.00000
2672038370.00000
2700121092.00000
2728220317.00000
2756277951.00000
2784364538.00000
2812438866.00000
2840516309.00000
2868596011.00000
2896677826.00000
2924781484.00000
2952835154.00000
2980914295.00000
3008993181.00000
3037074206.00000
3065156862.00000
3093234059.00000
3121312780.00000
3149392428.00000
3177473275.00000
3205559215.00000
3233640824.00000
3261711050.00000
3289790337.00000
3317895387.00000
3345951523.00000
3374028828.00000
3402107298.00000
3430187956.00000