649419921
677497342
705576537
733655605
761752992
789816575
817894648
845973716
874053349
902139917
930213163
958307064
986381685
1014451722.00000
1042531246.00000
1070624750.00000
1098690522.00000
1126769588.00000
1154866416.00000
1182928990.00000
1211009770.00000
1239087992.00000
1267169108.00000
1295246985.00000
1323326440.00000
1351427878.00000
1379484211.00000
1407568696.00000
1435645353.00000
1463720557.00000
1491803731.00000
1519883001.00000
1547982240.00000
1576041199.00000
1604121166.00000
1632201056.00000
1660283445.00000
1688359826.00000
1716439429.00000
1744543510.00000
1772600346.00000
1800679416.00000
1828756884.00000
1856836822.00000
1884915739.00000
1912996238.00000
1941096205.00000
1969155086.00000
1997233959.00000
2025315598.00000
2053394279.00000
2081473130.00000
2109550783.00000
2137655019.00000
2165711704.00000
2193791366.00000
2221870640.00000
2249949586.00000
2278029687.00000
2306109088.00000
2334209956.00000
2362268485.00000
2390350575.00000
2418427362.00000
2446507051.00000
2474588225.00000
2502665808.00000
2530771834.00000
2558827811.00000
2586906984.00000
2614984121.00000
2643062742.00000
2671142372.00000
2699225005.00000
2727324153.00000
2755381700.00000
2783468206.00000
2811542453.00000
2839619805.00000
2867699434.00000
2895781155.00000
2923884742.00000
2951938315.00000
2980017388.00000
3008096179.00000
3036177134.00000
3064259695.00000
3092336823.00000
3120415449.00000
3148495026.00000
3176575777.00000
3204661648.00000
3232743170.00000
3260813317.00000
3288892515.00000
3316997490.00000
3345053541.00000
3373130751.00000
3401209153.00000
3429289727.00000