650291522
678368508
706447763
734526902
762624382
790688049
818766197
846845363
874925061
903011720
931085035
959179029
987253738
1015323854.00000
1043403451.00000
1071497047.00000
1099562898.00000
1127642054.00000
1155738959.00000
1183801615.00000
1211882472.00000
1239960792.00000
1268041973.00000
1296119942.00000
1324199478.00000
1352300995.00000
1380357422.00000
1408441970.00000
1436518724.00000
1464594007.00000
1492677252.00000
1520756619.00000
1548855937.00000
1576914971.00000
1604995034.00000
1633075000.00000
1661157468.00000
1689233932.00000
1717313627.00000
1745417785.00000
1773474700.00000
1801553847.00000
1829631395.00000
1857711420.00000
1885790433.00000
1913871003.00000
1941971050.00000
1970030006.00000
1998108964.00000
2026190681.00000
2054269452.00000
2082348385.00000
2110426118.00000
2138530451.00000
2166587212.00000
2194666965.00000
2222746309.00000
2250825330.00000
2278905515.00000
2306985006.00000
2335085967.00000
2363144566.00000
2391226736.00000
2419303600.00000
2447383377.00000
2475464640.00000
2503542297.00000
2531648401.00000
2559704477.00000
2587783721.00000
2615860934.00000
2643939647.00000
2672019349.00000
2700102076.00000
2728201292.00000
2756258934.00000
2784345519.00000
2812419849.00000
2840497293.00000
2868576994.00000
2896658809.00000
2924762463.00000
2952816136.00000
2980895278.00000
3008974165.00000
3037055185.00000
3065137845.00000
3093215034.00000
3121293764.00000
3149373408.00000
3177454259.00000
3205540198.00000
3233621803.00000
3261692030.00000
3289771322.00000
3317876370.00000
3345932506.00000
3374009812.00000
3402088277.00000
3430168939.00000