649426966
677504396
705583584
733662648
761760039
789823625
817901691
845980773
874060392
902146963
930220207
958314109
986388734
1014458767.00000
1042538289.00000
1070631796.00000
1098697566.00000
1126776639.00000
1154873463.00000
1182936036.00000
1211016814.00000
1239095047.00000
1267176151.00000
1295254034.00000
1323333485.00000
1351434921.00000
1379491267.00000
1407575740.00000
1435652403.00000
1463727604.00000
1491810774.00000
1519890051.00000
1547989285.00000
1576048242.00000
1604128219.00000
1632208102.00000
1660290488.00000
1688366871.00000
1716446482.00000
1744550557.00000
1772607391.00000
1800686460.00000
1828763927.00000
1856843868.00000
1884922795.00000
1913003284.00000
1941103248.00000
1969162129.00000
1997241002.00000
2025322641.00000
2053401326.00000
2081480177.00000
2109557828.00000
2137662075.00000
2165718754.00000
2193798424.00000
2221877684.00000
2249956630.00000
2278036731.00000
2306116140.00000
2334217014.00000
2362275532.00000
2390357620.00000
2418434405.00000
2446514098.00000
2474595277.00000
2502672853.00000
2530778878.00000
2558834867.00000
2586914029.00000
2614991164.00000
2643069789.00000
2671149415.00000
2699232054.00000
2727331196.00000
2755388747.00000
2783475253.00000
2811549497.00000
2839626858.00000
2867706478.00000
2895788210.00000
2923891785.00000
2951945373.00000
2980024432.00000
3008103234.00000
3036184177.00000
3064266751.00000
3092343866.00000
3120422504.00000
3148502069.00000
3176582834.00000
3204668692.00000
3232750219.00000
3260820361.00000
3288899567.00000
3317004534.00000
3345060586.00000
3373137809.00000
3401216197.00000
3429296771.00000