650298573
678375556
706454812
734533954
762631428
790695097
818773245
846852410
874932112
903018766
931092091
959186077
987260784
1015330900.00000
1043410503.00000
1071504093.00000
1099569946.00000
1127649102.00000
1155746007.00000
1183808663.00000
1211889524.00000
1239967840.00000
1268049025.00000
1296126990.00000
1324206524.00000
1352308043.00000
1380364471.00000
1408449026.00000
1436525771.00000
1464601055.00000
1492684308.00000
1520763667.00000
1548862983.00000
1576922022.00000
1605002081.00000
1633082047.00000
1661164516.00000
1689240981.00000
1717320674.00000
1745424832.00000
1773481747.00000
1801560898.00000
1829638447.00000
1857718470.00000
1885797479.00000
1913878051.00000
1941978098.00000
1970037061.00000
1998116016.00000
2026197737.00000
2054276504.00000
2082355437.00000
2110433170.00000
2138537499.00000
2166594260.00000
2194674011.00000
2222753355.00000
2250832382.00000
2278912565.00000
2306992056.00000
2335093013.00000
2363151613.00000
2391233784.00000
2419310651.00000
2447390426.00000
2475471687.00000
2503549345.00000
2531655452.00000
2559711523.00000
2587790769.00000
2615867986.00000
2643946693.00000
2672026401.00000
2700109123.00000
2728208348.00000
2756265982.00000
2784352569.00000
2812426897.00000
2840504340.00000
2868584042.00000
2896665857.00000
2924769515.00000
2952823185.00000
2980902326.00000
3008981212.00000
3037062237.00000
3065144893.00000
3093222090.00000
3121300811.00000
3149380459.00000
3177461306.00000
3205547246.00000
3233628855.00000
3261699081.00000
3289778368.00000
3317883418.00000
3345939554.00000
3374016859.00000
3402095329.00000
3430175987.00000