650227538
678305052
706384321
734463468
762560943
790624610
818702759
846781924
874861625
902948280
931021605
959115590
987190297
1015260414.00000
1043340017.00000
1071433608.00000
1099499459.00000
1127578616.00000
1155675521.00000
1183738178.00000
1211819037.00000
1239897354.00000
1267978539.00000
1296056504.00000
1324136039.00000
1352237556.00000
1380293985.00000
1408378540.00000
1436455285.00000
1464530570.00000
1492613821.00000
1520693180.00000
1548792497.00000
1576851536.00000
1604931595.00000
1633011562.00000
1661094029.00000
1689170494.00000
1717250187.00000
1745354346.00000
1773411261.00000
1801490412.00000
1829567961.00000
1857647984.00000
1885726993.00000
1913807566.00000
1941907611.00000
1969966574.00000
1998045529.00000
2026127250.00000
2054206017.00000
2082284950.00000
2110362683.00000
2138467012.00000
2166523773.00000
2194603526.00000
2222682869.00000
2250761896.00000
2278842079.00000
2306921570.00000
2335022527.00000
2363081128.00000
2391163297.00000
2419240164.00000
2447319939.00000
2475401200.00000
2503478859.00000
2531584966.00000
2559641037.00000
2587720282.00000
2615797499.00000
2643876208.00000
2671955915.00000
2700038638.00000
2728137861.00000
2756195496.00000
2784282083.00000
2812356410.00000
2840433853.00000
2868513556.00000
2896595371.00000
2924699028.00000
2952752699.00000
2980831840.00000
3008910725.00000
3036991750.00000
3065074407.00000
3093151604.00000
3121230325.00000
3149309972.00000
3177390819.00000
3205476760.00000
3233558369.00000
3261628594.00000
3289707883.00000
3317812932.00000
3345869067.00000
3373946372.00000
3402024843.00000
3430105500.00000