0
649516743
677593643
705672817
733751876
761849267
789912854
817990919
846070002
874149621
902236192
930309435
958403338
986477963
1014547996.00000
1042627517.00000
1070721024.00000
1098786795.00000
1126865868.00000
1154962691.00000
1183025264.00000
1211106043.00000
1239184276.00000
1267265379.00000
1295343262.00000
1323422713.00000
1351524150.00000
1379580495.00000
1407664968.00000
1435741631.00000
1463816832.00000
1491900003.00000
1519979280.00000
1548078513.00000
1576137470.00000
1604217447.00000
1632297330.00000
1660379717.00000
1688456100.00000
1716535711.00000
1744639786.00000
1772696619.00000
1800775688.00000
1828853155.00000
1856933096.00000
1885012023.00000
1913092512.00000
1941192477.00000
1969251358.00000
1997330231.00000
2025411870.00000
2053490555.00000
2081569406.00000
2109647057.00000
2137751304.00000
2165807983.00000
2193887652.00000
2221966913.00000
2250045858.00000
2278125959.00000
2306205368.00000
2334306243.00000
2362364760.00000
2390446849.00000
2418523634.00000
2446603327.00000
2474684506.00000
2502762081.00000
2530868106.00000
2558924095.00000
2587003258.00000
2615080393.00000
2643159018.00000
2671238643.00000
2699321282.00000
2727420425.00000
2755477976.00000
2783564481.00000
2811638726.00000
2839716087.00000
2867795706.00000
2895877439.00000
2923981014.00000
2952034601.00000
2980113660.00000
3008192463.00000
3036273406.00000
3064355979.00000
3092433094.00000
3120511733.00000
3148591298.00000
3176672063.00000
3204757920.00000
3232839447.00000
3260909590.00000
3288988795.00000
3317093762.00000
3345149815.00000
3373227038.00000
3401305425.00000